3327 9228
0 1790
0 1862
0 3172
1 2784
2 643
2 1628
3 814
4 2498
5 827
5 2808
5 2846
5 3148
5 3196
6 627
7 7
7 154
7 765
8 298
8 1742
8 2624
9 1242
10 184
10 418
10 1224
10 3028
11 1773
11 2116
11 2574
12 154
12 213
12 2982
13 2070
13 2237
14 1343
15 738
15 2145
15 3135
15 3136
16 16
17 2987
18 2373
19 145
19 763
19 1646
19 2520
19 2750
19 3171
20 3310
21 1192
21 1509
21 2366
22 160
22 1852
22 2318
23 567
24 1820
25 1965
26 1339
26 3037
27 850
28 112
28 559
28 578
28 856
28 889
28 1153
28 1799
28 1956
28 2237
28 2665
28 2780
28 2855
28 2981
28 3145
28 3260
29 29
29 913
30 2960
30 2961
31 665
31 1475
31 1971
31 3224
32 2514
33 2406
33 2910
34 34
34 58
34 1793
34 2117
35 264
35 2451
35 3122
36 265
37 242
37 356
37 497
37 1616
37 1799
37 1956
37 2876
38 668
39 819
39 2603
40 1568
41 820
42 605
43 1816
44 2821
45 731
45 1081
45 1134
45 1364
45 1695
46 1122
47 160
47 799
48 3196
49 411
49 863
50 127
50 665
50 1134
50 2070
50 2237
50 2563
50 2925
50 2981
50 3088
50 3103
50 3274
51 1199
51 1493
51 2852
52 1119
53 264
53 935
54 1891
54 3169
55 831
55 2119
55 2213
55 2484
56 196
56 1741
56 2429
57 1807
57 2739
58 34
58 751
58 1454
58 2117
59 1834
60 2174
61 276
61 3188
62 2253
62 2341
63 63
64 788
65 990
66 1998
66 2083
66 2604
67 1695
68 1350
68 1843
68 1910
68 2149
68 2353
68 3192
69 1322
69 2904
69 2926
70 732
70 819
70 1803
71 421
71 2576
72 158
72 522
73 3299
74 203
74 597
74 700
74 776
74 1731
74 2701
75 417
75 2633
75 3211
76 1307
77 1150
78 136
78 154
78 408
78 439
78 553
78 846
78 1054
78 1547
78 1633
78 2097
78 2132
78 2254
78 2322
78 2391
78 2875
78 3149
79 583
79 1659
79 1727
79 2367
80 80
80 159
80 688
80 2326
80 3154
81 663
82 1688
83 2459
84 819
84 1371
84 2785
85 85
85 1446
85 1946
85 2045
85 3138
86 1016
87 1182
87 1411
87 2862
88 244
89 478
90 865
91 1952
92 2246
92 2377
93 573
93 1364
93 2070
94 163
94 394
94 1255
94 1527
94 1677
95 1437
96 1049
96 1187
96 1648
96 2915
97 1072
97 1308
97 1973
98 1594
98 1717
98 2250
99 2861
99 3137
100 1280
101 994
101 2718
102 3010
103 1737
103 1803
103 2357
104 238
104 730
104 1575
105 627
106 1261
107 819
107 1773
107 1789
108 956
109 827
109 1825
109 2793
110 896
111 1114
111 1982
111 1984
111 3239
111 3276
112 28
112 222
112 356
112 559
112 635
112 2237
112 2665
112 2780
112 2981
112 3088
113 2850
114 1277
114 2004
115 289
115 2007
116 116
116 440
116 2673
117 1304
118 1091
118 1123
118 1796
118 2323
118 2740
119 601
120 155
121 3305
122 2790
123 880
124 2418
125 1360
125 2887
125 2983
126 399
126 1500
126 2088
126 3017
127 50
127 665
127 834
127 2020
127 2070
127 2237
128 346
129 3097
130 432
131 131
131 994
131 2515
132 2537
133 477
133 1705
133 2479
134 284
134 953
134 1604
134 1661
134 2451
134 2671
134 3080
135 1477
136 78
136 2256
136 2875
137 350
137 1495
137 2988
138 138
138 1225
139 2387
140 2925
140 3196
141 141
142 142
142 1836
142 1911
142 2566
143 2182
144 1037
145 19
145 369
145 509
145 816
145 864
145 1101
145 1852
145 2177
145 2318
145 2456
145 2750
145 3171
146 1243
146 2452
146 2461
146 3179
147 2827
147 3112
148 3059
148 3106
149 716
150 417
150 895
150 959
150 1375
150 2390
150 2710
151 549
151 785
152 2453
153 328
153 1052
154 7
154 12
154 78
154 621
154 765
154 868
154 964
154 1347
154 1401
154 1667
154 2072
154 2081
154 2132
154 2222
154 2693
154 2750
154 2756
154 3039
154 3149
155 120
156 998
156 1289
156 1599
156 1949
156 2089
156 2222
157 1243
157 2070
158 72
159 80
159 788
159 2326
160 22
160 47
160 283
161 161
161 2802
162 1230
163 94
163 394
163 1145
164 2917
165 2239
166 2799
167 480
168 2282
168 2727
169 547
169 753
170 312
171 1613
172 1964
172 2412
173 486
173 542
173 1756
173 1998
173 2624
174 1428
174 1487
174 2478
175 2189
175 3024
176 875
176 1542
176 1848
176 3277
177 177
178 2026
179 1543
180 1211
180 1643
180 1662
181 465
181 901
182 2344
183 2455
184 10
185 1903
186 1636
187 698
188 188
189 1592
189 2032
189 2705
190 298
190 819
190 975
191 2427
191 3030
191 3124
192 1111
193 1138
194 1735
194 2869
195 830
195 908
196 56
196 905
196 1399
196 1741
196 2429
197 2746
197 3171
198 983
199 500
199 1784
200 382
200 2698
201 1804
202 2381
203 74
203 203
203 521
203 535
203 597
203 700
203 776
203 961
203 1481
203 1731
203 1970
203 2167
203 2223
203 2701
203 2703
203 2878
203 3043
203 3206
204 254
204 1877
204 2297
204 2298
205 898
205 3084
206 3191
207 1051
207 1215
207 2048
208 2153
208 2362
208 2428
208 2442
208 3183
209 254
209 1148
209 1716
209 1913
209 2377
209 3131
210 356
210 822
211 472
211 690
211 2616
211 3025
212 716
213 12
213 356
213 559
213 1243
213 2070
213 2237
213 2665
213 2780
213 2981
213 3088
214 1067
215 2716
216 873
216 1264
216 1303
216 1314
217 3306
218 3195
219 2715
220 320
220 416
220 2212
221 1463
221 2365
222 112
222 1153
222 2070
222 2855
222 2876
222 3145
223 2674
223 2750
224 779
225 1912
226 779
226 1938
227 2613
228 2283
229 1940
229 1960
229 2208
229 2861
230 351
230 1838
231 2060
232 2749
233 2473
234 905
234 1451
234 1834
235 3119
236 2332
236 3134
237 1643
237 2859
238 104
238 1461
238 2538
239 2190
240 426
240 544
240 1032
240 1578
240 1852
240 2199
240 2318
240 2528
240 3077
241 509
241 2177
241 2456
242 37
242 3022
243 2757
243 3180
244 88
245 245
245 867
245 982
246 1005
246 2776
247 2873
248 500
249 2798
250 416
251 2242
252 1016
253 1942
254 204
254 209
255 325
256 3199
257 555
257 1035
257 1143
257 2830
258 1183
258 2493
258 2954
259 3067
260 2511
261 1080
261 1253
261 1668
261 2073
261 2796
261 3037
262 1821
262 2652
263 1768
263 2126
263 3204
264 35
264 53
264 264
264 784
264 1175
264 2282
264 2361
264 2362
264 2961
264 3120
264 3121
264 3122
265 36
265 1408
265 1803
265 2339
265 2430
265 2509
265 2719
266 285
266 1751
266 1773
266 2109
266 2345
266 2683
267 396
267 1809
267 2773
268 1648
269 746
269 1134
269 1243
269 1447
269 2448
269 2691
270 3263
271 271
272 323
272 503
273 2511
274 3324
275 1393
276 61
276 512
276 1312
276 1320
276 1492
276 2311
276 2388
276 2764
276 3188
277 3126
278 293
278 1330
278 1513
278 2128
278 2801
279 3036
280 2478
281 1764
282 2820
283 160
283 445
283 3252
284 134
284 819
284 2749
285 266
285 2109
285 2345
286 687
287 2262
288 350
288 3106
289 115
289 639
289 2007
289 2555
289 3102
289 3156
290 1555
290 1716
290 1913
290 3131
291 1171
291 1403
291 1474
291 1711
291 1843
291 2371
291 2756
291 2982
292 844
292 3245
293 278
293 652
294 819
295 2324
295 2434
295 2838
296 714
297 902
298 8
298 190
298 2624
299 886
299 2145
299 3169
300 904
300 1022
300 1417
300 2958
301 612
301 2620
302 731
302 1475
302 2070
303 736
303 1167
303 1485
303 2194
304 3246
305 305
305 2011
305 3163
306 1257
306 1476
306 1494
306 1538
306 3117
306 3292
306 3293
307 2030
308 2600
309 1652
309 2514
310 2165
310 2790
311 477
311 1705
311 2479
312 170
313 358
313 1166
313 2862
314 1035
314 2505
314 2581
314 2702
314 2818
315 2087
315 2142
316 819
317 588
317 964
317 1282
317 1431
317 2693
318 383
318 2771
319 2599
319 2971
320 220
320 919
321 1611
322 2867
323 272
323 778
324 2542
325 255
325 359
326 1994
326 3233
327 1132
327 2685
328 153
328 2637
329 775
329 1898
329 2828
330 1308
331 1210
331 1302
332 3130
333 1829
334 2605
335 1041
335 1267
336 474
337 935
338 511
338 526
338 1461
339 2832
340 599
340 2412
340 3306
341 1578
342 1089
343 555
343 1211
343 1643
343 2679
344 665
344 2070
344 2299
344 3231
345 1332
345 1943
345 2002
346 128
346 1705
347 731
347 1003
347 1285
347 1364
347 2070
347 3179
348 819
349 735
349 2238
349 2986
350 137
350 288
350 1194
350 2988
350 3106
351 230
351 1764
352 2556
353 826
353 1772
354 2070
354 2237
355 2518
356 37
356 112
356 210
356 213
356 497
356 578
356 889
356 1799
356 2447
356 2665
356 2780
356 3144
356 3145
356 3146
356 3163
357 1318
358 313
358 2222
358 2735
358 2986
359 325
359 1480
359 1623
359 2628
359 3057
360 2547
361 372
362 2510
363 1912
364 374
364 882
364 1384
364 1601
364 2583
364 2986
365 2554
366 2122
367 1016
368 1341
368 2031
369 145
369 509
369 2177
369 2456
370 682
370 1354
371 1414
371 1695
371 3111
372 361
372 407
372 2916
373 689
374 364
374 1700
375 694
376 576
376 615
376 1864
376 2547
377 1207
377 1815
377 1839
377 2382
378 1301
378 1932
378 3318
379 1366
380 2038
380 2445
380 2908
381 966
381 1008
381 1480
381 1536
381 1817
381 2288
381 3191
381 3307
382 200
382 815
383 318
383 964
383 2693
384 865
384 1112
384 1987
384 3184
385 2359
386 1648
386 2803
387 1894
388 422
388 570
388 621
388 1095
388 1107
388 1447
388 1576
388 1759
388 2691
388 2847
388 3011
389 771
390 1290
391 3107
392 2200
392 2567
393 408
393 564
393 2132
393 2229
393 2704
393 3228
394 94
394 163
394 1255
394 1527
394 1677
395 2125
396 267
396 875
397 570
397 731
397 980
397 1285
397 1364
397 1453
397 1759
397 2070
397 2407
397 2669
397 2688
397 2847
397 2874
397 2989
397 2993
397 3260
398 1014
398 1396
398 1938
399 126
399 1500
399 2132
399 3017
400 2448
401 571
401 2814
401 3112
402 570
402 2847
403 1628
404 977
404 1353
405 2356
406 433
407 372
407 2627
408 78
408 393
408 593
408 628
408 1085
408 1319
408 1347
408 1404
408 1603
408 1647
408 2461
409 1348
409 2375
409 2648
409 2951
409 3227
410 1831
410 3082
410 3308
411 49
411 1036
412 1947
412 2222
412 2523
413 742
413 880
414 1187
414 2946
415 2483
416 220
416 250
416 429
416 3000
417 75
417 150
417 417
417 554
417 722
417 1480
417 1482
417 1605
417 2313
417 2560
417 2594
417 2628
417 2819
417 2938
417 3101
418 10
418 1224
419 3098
420 1364
420 2329
421 71
421 2576
422 388
422 594
422 1107
422 2386
423 922
424 1069
425 3207
426 240
426 1183
426 1869
427 1788
428 1354
428 2450
429 416
430 430
430 462
430 764
430 1268
430 1658
430 1881
430 1927
430 2867
430 3125
431 819
432 130
432 497
432 520
432 947
432 1959
432 2070
432 2237
432 2285
432 2385
432 3142
433 406
433 618
433 680
433 722
433 854
433 924
433 1049
433 1179
433 1184
433 1271
433 1605
433 1986
433 2001
433 2618
433 2681
433 2695
433 2728
434 571
434 788
434 3112
435 487
436 1410
437 2206
438 639
438 3205
439 78
439 926
439 2132
440 116
440 2673
441 1954
441 2744
441 2756
442 1144
442 2428
442 2442
443 2947
444 810
445 283
445 461
445 594
445 799
445 1169
445 1917
445 2318
445 2441
445 2746
445 3252
446 2975
447 1256
447 1844
448 812
448 2115
449 450
449 1730
449 3002
450 449
450 2118
450 3002
451 2459
452 1993
452 2904
452 2971
453 1483
454 935
454 1921
454 2246
455 532
455 957
455 2018
455 2070
455 2680
456 2248
456 3045
457 979
457 2466
457 3034
457 3151
458 1892
458 2511
459 1801
460 460
460 2747
461 445
461 553
461 594
461 2072
462 430
462 1622
462 2464
462 3035
463 533
463 859
464 2541
465 181
465 1342
465 2488
466 1246
466 1269
466 2426
466 2951
466 3174
466 3227
467 2740
467 3068
468 2405
469 1915
469 2034
470 1844
471 1599
471 3162
472 211
473 712
473 2666
474 336
474 999
474 1204
474 1503
474 2175
474 2184
474 2401
474 2777
474 3159
475 516
475 2273
476 2664
477 133
477 311
477 519
478 89
478 492
478 883
479 2661
480 167
480 480
480 1325
480 1722
481 3289
482 1961
482 2220
483 1953
484 1394
484 2070
484 2733
484 3243
485 942
485 1002
486 173
486 1756
487 435
487 1430
487 2334
488 1024
488 2783
489 1991
490 984
490 1369
491 1198
492 478
493 2145
493 2453
494 819
495 1312
495 2012
495 2036
495 2160
495 2376
495 2853
495 3138
496 926
497 37
497 356
497 432
497 834
497 2981
497 3088
497 3146
497 3163
498 723
498 1547
498 2199
499 1903
500 199
500 248
501 731
501 973
501 1243
501 1462
501 2070
501 2237
501 2265
501 2266
501 2874
501 3117
502 1753
503 272
503 555
504 864
504 1347
504 2750
505 1034
506 1437
507 695
507 1331
508 1704
508 2571
509 145
509 241
509 369
509 1496
509 2750
510 2192
511 338
511 792
511 815
511 1281
511 2320
511 3182
512 276
512 2311
513 665
513 1274
513 3073
513 3149
513 3224
513 3260
514 571
514 929
514 1371
514 1772
514 1937
514 2203
514 2565
514 2653
514 2775
514 2785
514 2787
514 2912
514 2940
514 3051
514 3275
514 3323
515 760
515 935
515 989
516 475
516 603
516 2119
516 2273
517 579
517 825
517 1415
517 1896
517 2992
518 557
518 1803
518 2508
519 477
519 2491
520 432
520 635
520 665
520 1665
520 2070
521 203
521 1731
521 2701
521 2878
521 3043
522 72
523 2531
524 3192
525 2476
526 338
526 2320
526 3307
527 739
528 2530
529 766
530 2236
530 3187
531 541
531 548
531 1977
531 3057
532 455
532 731
532 2070
532 2276
533 463
533 859
533 964
533 2693
534 2842
534 2897
535 203
535 1005
535 1780
535 1829
535 2223
536 3115
537 2997
538 657
538 2958
539 2202
539 2250
540 647
540 755
540 1290
541 531
541 1989
541 2281
542 173
542 2514
543 803
543 2139
544 240
544 1615
544 2171
544 2959
544 2973
544 3077
545 1182
545 2238
545 2506
546 2046
547 169
547 547
547 753
547 2343
548 531
548 684
548 861
548 1189
548 1598
548 1734
548 2729
548 2870
548 3076
549 151
549 619
549 785
550 755
550 1254
550 1471
550 2120
550 2485
551 2445
552 1182
552 2768
553 78
553 461
553 728
553 846
553 1101
553 1319
553 2062
553 2097
553 2207
553 2322
553 3185
554 417
554 1480
554 2220
554 2288
554 3101
555 257
555 343
555 503
555 1021
556 1467
557 518
557 1142
557 1803
557 2529
557 2539
558 3154
559 28
559 112
559 213
559 834
559 848
559 856
559 889
559 1153
559 1799
559 1956
559 2237
559 2665
559 2780
559 2855
559 3144
559 3145
559 3260
560 634
561 666
562 1542
563 908
564 393
564 3228
565 704
565 2723
565 3122
566 1221
566 2908
567 23
568 692
568 716
569 2315
570 388
570 397
570 402
570 731
570 1134
570 1285
570 1364
570 1759
570 2048
570 2070
570 2265
570 2874
571 401
571 434
571 514
571 732
571 1270
571 1690
571 1753
571 1772
571 2083
571 2752
571 2785
571 2829
571 3036
571 3041
571 3051
571 3275
572 2100
573 93
573 786
573 1188
574 1254
574 1468
574 1550
574 1715
574 2360
574 3155
575 1980
575 3072
576 376
576 615
576 2547
576 2548
577 2204
578 28
578 356
578 834
578 848
578 889
578 1088
578 1799
578 1956
578 2321
578 2441
578 2780
578 3163
578 3186
579 517
579 1896
580 1547
581 2102
582 629
582 1095
582 1576
583 79
583 841
583 1052
583 2671
583 2915
583 2932
584 760
584 3057
585 1995
586 1425
587 2523
588 317
588 589
588 964
589 588
589 964
589 1176
589 1347
589 2693
589 3166
590 2648
590 2951
590 3137
590 3227
591 643
591 1628
592 2977
593 408
593 805
593 1134
593 1728
593 2070
593 2132
593 2750
593 3028
593 3055
593 3142
593 3192
594 422
594 445
594 461
594 1413
594 1603
594 2110
594 2162
594 2441
594 2668
594 3121
594 3171
595 1527
596 2672
597 74
597 203
597 700
597 776
597 2167
597 2701
597 3043
598 820
598 2460
599 340
599 2412
599 3306
600 1265
601 119
601 1053
601 1382
601 2136
601 2994
602 2602
603 516
603 2273
604 1009
604 1214
604 1479
604 2773
604 2796
605 42
606 788
607 732
607 1772
607 2787
608 2793
608 3268
609 3053
610 610
611 1197
612 301
612 860
612 2620
613 1102
614 1991
615 376
615 576
615 1864
616 1914
617 2318
618 433
618 920
618 2390
619 549
619 785
619 799
619 846
619 2097
619 3135
619 3136
619 3251
620 1136
621 154
621 388
621 670
621 765
621 868
621 1465
621 2984
621 3162
622 1032
622 1332
622 1631
622 1982
622 1984
622 3225
623 3009
624 1312
624 1841
625 955
625 1635
625 1708
626 833
626 1644
626 1914
626 2829
627 6
627 105
628 408
628 1183
628 2132
629 582
629 1095
629 1576
630 1082
630 2168
630 2406
630 2910
630 3199
631 707
631 1473
631 1511
632 1897
633 633
634 560
635 112
635 520
635 665
635 733
635 836
635 1526
635 1616
635 2070
635 2714
635 3073
635 3145
636 3190
637 1939
638 1962
639 289
639 438
639 690
640 1449
641 1316
642 783
642 808
642 2204
642 2261
642 2598
642 2917
643 2
643 591
643 1639
644 819
645 1682
645 2899
646 988
646 2615
647 540
647 2114
647 2483
648 648
649 768
650 819
650 2782
650 3122
651 2075
652 293
652 1269
653 2899
654 884
654 1077
654 1803
654 1955
654 2155
654 2434
654 2838
655 1504
656 2074
656 2191
656 2570
657 538
658 739
659 1854
660 2250
661 2980
662 2214
663 81
663 2364
663 2446
664 1206
665 31
665 50
665 127
665 344
665 513
665 520
665 635
665 834
665 951
665 1088
665 1274
665 1475
665 2070
665 2407
665 2935
665 3073
665 3103
665 3117
665 3142
665 3224
666 561
667 1582
667 2083
667 2651
668 38
669 2503
670 621
671 3038
672 1076
673 3058
673 3142
674 1760
674 3134
675 2806
676 1196
676 1996
676 3306
677 1235
677 2654
678 785
678 1909
678 2000
678 3135
678 3251
679 2102
680 433
681 1607
682 370
683 1871
684 548
684 1598
685 3311
686 686
687 286
687 714
688 80
688 2326
688 3154
689 373
690 211
690 639
690 1201
690 1502
691 946
691 1438
691 2184
692 568
692 716
693 819
693 1644
693 1914
693 2829
694 375
694 2379
695 507
695 1331
696 1073
697 1285
697 3078
698 187
698 698
699 1244
699 3012
699 3014
699 3160
700 74
700 203
700 597
700 776
700 1731
700 2167
700 2701
700 3043
701 2515
701 2794
702 1979
702 2411
702 3057
703 3321
704 565
704 2723
705 705
705 2894
706 2591
707 631
707 1448
707 1473
708 872
708 1860
709 1655
709 3203
710 1072
710 1093
710 1308
711 1553
711 1614
711 2046
712 473
713 2790
713 2890
714 296
714 687
715 3050
716 149
716 212
716 568
716 692
716 1738
716 3173
717 731
717 2070
718 1761
719 2976
720 3284
721 2201
721 2369
722 417
722 433
723 498
723 2845
724 892
725 2878
726 1939
727 1335
727 2089
728 553
728 1043
728 1350
728 2072
729 2043
730 104
730 730
730 894
730 1062
730 1575
730 3056
731 45
731 302
731 347
731 397
731 501
731 532
731 570
731 717
731 738
731 802
731 829
731 834
731 911
731 973
731 1260
731 1285
731 1329
731 1364
731 1453
731 1462
731 1698
731 1788
731 1856
731 1898
731 1899
731 2266
731 2329
731 2407
731 2437
731 2487
731 2688
731 2847
731 2935
731 3192
732 70
732 571
732 607
732 788
732 1024
732 1146
732 1371
732 1772
732 2742
732 2785
732 3275
732 3322
733 635
734 1684
735 349
736 303
736 2183
737 1681
737 2993
738 15
738 731
738 1243
738 2070
738 2437
738 3024
738 3135
739 527
739 658
739 2629
740 1515
740 1540
741 1275
742 413
743 1562
744 848
744 1141
744 2846
744 2981
745 978
745 1186
745 1718
745 2178
746 269
746 1447
746 2448
746 3011
746 3114
747 1243
747 1260
747 3179
748 2673
749 789
749 1813
750 948
750 2210
751 58
751 2117
752 3013
753 169
753 547
753 2277
753 2343
754 762
754 3308
755 540
755 550
755 1290
755 2485
756 2869
757 918
758 3120
759 1803
760 515
760 584
760 1483
760 2066
760 2307
760 2749
761 1185
761 1941
761 3057
762 754
762 839
763 19
763 816
763 1101
763 1852
763 2318
763 2750
763 3171
764 430
764 1125
765 7
765 154
765 621
765 868
765 2756
766 529
767 1125
767 3170
768 649
768 3297
769 1095
769 1576
770 907
771 389
771 844
772 772
772 773
772 2119
772 3226
773 772
773 1935
773 3226
774 949
774 1314
775 329
775 2448
775 3114
776 74
776 203
776 597
776 700
776 1731
776 2701
776 3043
777 1311
778 323
778 1710
778 2304
779 224
779 226
780 1534
781 3141
782 1200
782 1406
783 642
783 3208
784 264
784 935
784 1357
785 151
785 549
785 619
785 678
785 2097
785 3135
786 573
786 1188
786 2041
787 1718
788 64
788 159
788 434
788 606
788 732
788 1270
788 1296
788 1772
788 2083
788 2203
788 2400
788 2565
788 2785
788 2814
788 2829
788 3275
789 749
789 1273
789 2490
789 2839
790 3184
791 3130
792 511
792 1008
792 3191
792 3307
793 1098
793 1939
793 2166
793 3266
794 897
794 2028
794 2965
795 2384
795 3159
796 2951
796 3137
796 3227
797 797
798 3196
799 47
799 445
799 619
799 911
799 957
799 1820
799 2018
799 2145
799 3135
799 3136
800 1159
800 2540
801 2465
801 2963
802 731
802 1285
802 1448
802 2070
802 2265
802 2314
802 3232
803 543
804 804
804 2692
805 593
805 1568
806 947
807 1160
807 2246
807 2396
808 642
808 1425
808 3208
808 3210
809 1847
810 444
810 2070
810 2265
810 2452
810 2503
810 2714
810 3232
811 1782
812 448
812 2596
812 3285
813 1913
814 3
815 382
815 511
815 1480
815 3182
816 145
816 763
816 2355
816 3013
817 1584
818 2423
818 3173
819 39
819 70
819 84
819 107
819 190
819 284
819 294
819 316
819 348
819 431
819 494
819 644
819 650
819 693
819 884
819 975
819 1048
819 1082
819 1181
819 1218
819 1585
819 1595
819 1720
819 1732
819 1776
819 1789
819 1848
819 1914
819 1915
819 1977
819 2066
819 2146
819 2157
819 2161
819 2287
819 2312
819 2335
819 2539
819 2625
819 2626
819 2675
819 2677
819 2758
819 2782
819 2786
819 2792
819 2844
819 3074
819 3258
819 3259
819 3275
820 41
820 598
820 2063
820 2132
820 2460
820 3201
821 2161
822 210
823 2933
824 877
825 517
825 1896
826 353
827 5
827 109
827 1811
827 1825
827 3181
828 1370
829 731
829 973
829 1462
829 2265
829 2266
829 2874
830 195
830 908
831 55
831 2119
832 1609
832 1743
832 2383
833 626
833 1644
834 127
834 497
834 559
834 578
834 665
834 731
834 836
834 960
834 1101
834 1364
834 1453
834 1475
834 1616
834 1852
834 2070
834 2132
834 2237
834 2318
834 2452
834 2587
834 2750
834 2981
834 3073
834 3088
834 3103
834 3179
834 3224
835 1547
835 1647
835 1886
835 2067
835 2872
836 635
836 834
836 2020
836 2237
836 2901
836 2913
836 3135
836 3150
837 3110
838 1501
838 3276
839 762
839 1254
839 2309
840 1593
840 2671
841 583
841 1428
841 2367
842 1925
842 2541
843 1052
843 1773
843 3063
844 292
844 771
844 1649
845 1364
845 1616
845 2070
846 78
846 553
846 619
846 3135
846 3136
847 1243
847 1695
847 2905
848 559
848 578
848 744
848 2267
848 2846
849 1007
849 1106
849 2843
849 2961
850 27
851 2972
852 1466
852 2721
853 1372
853 1617
854 433
854 1529
855 2406
855 2910
856 28
856 559
856 889
856 1956
856 2607
856 2780
856 2981
856 3088
856 3146
857 1286
858 2539
859 463
859 533
860 612
860 2620
861 548
862 1653
863 49
864 145
864 504
864 2255
864 2674
864 2750
865 90
865 384
865 3184
866 1921
866 2444
867 245
867 1180
867 1312
867 1492
867 2877
867 3124
868 154
868 621
868 765
869 1811
870 2327
871 2009
871 2810
872 708
872 3075
873 216
873 2070
874 1222
875 176
875 396
875 1542
875 1809
875 1848
876 2483
876 2929
877 824
878 1229
878 1565
878 2257
879 2395
880 123
880 413
880 1983
881 1921
881 2444
882 364
882 1384
883 478
884 654
884 819
884 1029
884 2236
884 2326
884 2398
884 2399
884 2400
884 3051
884 3154
885 1811
885 3181
886 299
886 1865
887 1857
888 3052
889 28
889 356
889 559
889 578
889 856
889 1153
889 2070
889 2237
889 2665
889 2780
889 2855
889 2981
889 3088
890 2059
891 1628
892 724
893 1256
894 730
894 1575
894 3056
895 150
896 110
897 794
897 2028
897 2965
898 205
898 3084
899 1568
900 2409
901 181
901 2488
902 297
903 2133
904 300
904 2958
905 196
905 234
905 2068
905 2438
906 1589
907 770
908 195
908 563
908 830
909 2145
910 2738
910 2747
911 731
911 799
911 2070
911 2668
912 2978
913 29
914 3174
915 2149
916 2140
917 1509
918 757
918 1594
918 1717
918 1833
918 1929
918 2068
918 2176
918 2228
918 2362
918 2402
918 2578
918 3100
918 3313
919 320
919 2212
920 618
920 3149
921 1212
921 1773
921 2932
922 423
923 1443
923 2026
924 433
924 1407
925 1006
925 2746
926 439
926 496
926 2258
927 2838
928 1529
929 514
929 2647
929 2778
929 3122
929 3199
930 2726
931 945
931 1063
931 2920
931 3139
932 1961
932 2363
932 2364
933 2042
934 2317
935 53
935 337
935 454
935 515
935 784
935 1099
936 1032
936 1998
937 1366
938 1068
938 1933
938 2494
939 2476
940 2012
940 2036
940 2853
940 3164
941 994
941 2680
942 485
942 1900
943 2955
944 1304
945 931
945 1223
946 691
946 1588
946 1836
947 432
947 806
947 2070
948 750
948 1096
948 2210
949 774
950 986
950 1379
950 1382
950 3086
951 665
952 1425
953 134
953 1308
953 2561
954 1438
955 625
956 108
957 455
957 799
957 1115
957 1295
957 1820
957 2195
957 3135
957 3153
958 1433
959 150
959 991
959 2380
960 834
960 3150
961 203
961 3043
962 1868
963 1113
963 1125
964 154
964 317
964 383
964 533
964 588
964 589
964 1282
964 1633
964 1820
964 2771
964 2995
964 3160
965 1308
966 381
966 1211
966 2173
967 1574
968 1465
968 2072
968 3147
969 3320
970 1243
970 2224
971 3132
972 1321
972 2594
972 2615
973 501
973 731
973 829
973 980
973 1698
973 1759
973 2266
973 2487
973 2847
973 3117
974 1751
975 190
975 819
976 2963
977 404
978 745
978 1089
979 457
979 2294
980 397
980 973
980 1319
980 1364
980 1462
980 1549
980 1698
981 1591
982 245
982 1180
982 1312
982 1492
982 2877
982 3124
983 198
984 490
985 1407
986 950
987 2550
988 646
988 2286
989 515
990 65
991 959
992 3168
993 2264
994 101
994 131
994 941
994 1226
994 1758
994 1879
994 3102
995 2645
996 1309
996 2070
997 2154
998 156
998 1401
999 474
1000 2226
1000 3315
1001 2284
1002 485
1002 1900
1003 347
1003 1243
1003 1285
1003 1329
1003 1856
1003 1899
1003 2299
1004 2219
1005 246
1005 535
1005 1525
1005 1780
1005 2389
1005 2776
1006 925
1006 1378
1006 2746
1007 849
1007 1243
1008 381
1008 792
1008 2762
1008 3307
1009 604
1009 2532
1010 2546
1011 2916
1012 2019
1013 1052
1013 2736
1013 2782
1013 3152
1014 398
1014 1396
1014 1620
1014 2644
1015 1810
1016 86
1016 252
1016 367
1016 1777
1016 2068
1016 2105
1017 3282
1018 2025
1018 3162
1019 1028
1020 2580
1020 3054
1021 555
1021 1381
1022 300
1022 2648
1023 1380
1023 2158
1024 488
1024 732
1024 1955
1024 3257
1025 2515
1025 2551
1026 2153
1026 2362
1026 2428
1026 3183
1027 2917
1027 3165
1028 1019
1029 884
1029 2155
1030 1149
1030 1826
1031 1324
1032 240
1032 622
1032 936
1032 1652
1032 2292
1032 2446
1032 2909
1032 3239
1033 2836
1034 505
1034 3256
1035 257
1035 314
1035 1143
1035 1212
1035 1732
1035 1751
1035 1773
1035 2109
1035 2180
1035 2345
1035 2683
1036 411
1036 1036
1037 144
1038 3057
1039 1753
1040 1790
1040 1816
1041 335
1042 2051
1043 728
1043 1319
1043 1350
1043 1465
1043 2062
1043 2072
1044 2039
1045 1532
1045 2076
1045 2119
1045 2755
1046 2214
1046 2534
1046 2717
1047 1420
1047 2710
1048 819
1049 96
1049 433
1049 1811
1049 1928
1049 3181
1049 3279
1049 3296
1050 2810
1051 207
1051 1215
1052 153
1052 583
1052 843
1052 1013
1052 1102
1052 1352
1052 1618
1052 1659
1052 1696
1052 1742
1052 1773
1052 1921
1052 1943
1052 2193
1052 2196
1052 2367
1052 2451
1052 2760
1052 2782
1052 2825
1052 2932
1052 3178
1052 3277
1053 601
1054 78
1054 1054
1054 2673
1055 1247
1055 2150
1055 2765
1056 2710
1057 1954
1058 2841
1059 1217
1060 1773
1061 2782
1062 730
1062 1575
1063 931
1064 1368
1065 1251
1066 1643
1067 214
1067 3167
1068 938
1069 424
1070 1741
1070 1770
1070 1867
1070 2429
1071 1071
1072 97
1072 710
1072 1308
1072 2451
1073 696
1073 1651
1073 1912
1073 2245
1074 1280
1075 1190
1075 2070
1076 672
1076 1437
1076 1960
1076 3317
1077 654
1077 1784
1077 2030
1077 2083
1077 2113
1077 2434
1077 2484
1077 2508
1077 2838
1077 2858
1077 2866
1078 1082
1078 2085
1078 2463
1079 1613
1080 261
1080 1668
1081 45
1081 1442
1082 630
1082 819
1082 1078
1082 1688
1082 2287
1082 2782
1082 3120
1083 2537
1084 1422
1084 2269
1085 408
1085 1413
1085 2132
1085 2996
1086 1993
1086 2662
1087 2538
1088 578
1088 665
1088 1243
1088 2070
1088 3260
1089 342
1089 978
1089 1718
1090 1692
1091 118
1091 1091
1091 1123
1091 1530
1091 1558
1091 3243
1092 1832
1092 2757
1092 3316
1093 710
1093 1376
1093 1973
1093 2451
1094 2138
1095 388
1095 582
1095 629
1095 769
1095 1656
1095 1712
1095 1948
1095 2132
1095 2386
1095 2956
1095 3114
1095 3194
1096 948
1096 1432
1096 1559
1096 1795
1097 1836
1098 793
1099 935
1100 2744
1100 2756
1100 2937
1100 2982
1101 145
1101 553
1101 763
1101 834
1101 1403
1101 1413
1101 1474
1101 1711
1101 1843
1101 2149
1101 2668
1102 613
1102 1052
1102 2268
1102 2782
1103 2631
1104 1569
1105 1389
1106 849
1106 1182
1106 1673
1107 388
1107 422
1107 1660
1107 1719
1107 2386
1107 3011
1107 3114
1108 1766
1109 1675
1110 1120
1111 192
1112 384
1112 2757
1113 963
1113 1125
1114 111
1114 1258
1114 1781
1114 1878
1114 1982
1114 2435
1114 2558
1115 957
1115 1674
1115 2018
1115 2237
1115 2329
1115 2668
1115 3224
1116 2336
1117 3265
1118 2225
1118 2507
1119 52
1119 2189
1120 1110
1121 1630
1121 2180
1122 46
1123 118
1123 1091
1123 1312
1123 1530
1123 1558
1123 1796
1123 1946
1123 3243
1124 1203
1124 1959
1124 2458
1125 764
1125 767
1125 963
1125 1113
1125 1532
1125 2311
1125 2731
1125 2860
1125 2886
1125 2948
1126 3209
1127 2899
1128 1128
1129 1184
1130 1691
1131 3020
1132 327
1133 1617
1134 45
1134 50
1134 269
1134 570
1134 593
1134 1356
1134 1647
1134 1712
1134 2135
1134 2407
1134 2415
1134 2448
1134 2502
1134 2847
1134 3274
1135 2439
1136 620
1137 2148
1138 193
1138 1138
1139 1174
1139 1735
1139 2750
1139 3171
1140 2857
1141 744
1142 557
1143 257
1143 1035
1143 2830
1144 442
1144 1875
1144 2186
1144 2428
1144 2442
1145 163
1145 1255
1146 732
1146 1955
1146 2814
1147 1450
1147 2130
1148 209
1148 1213
1148 2082
1148 3134
1149 1030
1150 77
1151 1177
1151 2755
1152 2496
1153 28
1153 222
1153 559
1153 889
1153 1153
1153 1799
1153 1956
1153 2855
1153 3145
1153 3260
1154 1772
1155 1711
1155 2875
1155 3185
1156 2132
1156 2461
1156 3055
1157 2725
1158 1158
1159 800
1159 1721
1159 2455
1159 2540
1159 3085
1160 807
1160 2396
1161 1162
1161 1449
1161 3112
1162 1161
1162 3112
1163 3071
1164 1308
1165 1542
1165 1850
1166 313
1166 1564
1166 1860
1166 2887
1166 2961
1167 303
1168 2684
1169 445
1169 1981
1169 2670
1169 2680
1170 1892
1170 2511
1170 2689
1171 291
1172 2564
1173 2501
1174 1139
1174 1735
1174 3171
1175 264
1176 589
1177 1151
1178 1278
1178 1893
1179 433
1179 1605
1180 867
1180 982
1180 3124
1181 819
1182 87
1182 545
1182 552
1182 1106
1182 1411
1182 2768
1183 258
1183 426
1183 628
1183 1501
1183 2318
1183 2845
1184 433
1184 1129
1184 2390
1184 2979
1185 761
1185 1941
1186 745
1187 96
1187 414
1188 573
1188 786
1189 548
1189 2604
1190 1075
1191 2034
1192 21
1192 2454
1193 2219
1194 350
1194 1495
1194 2692
1195 2070
1196 676
1196 2172
1197 611
1197 2014
1197 2840
1197 3132
1198 491
1199 51
1199 1493
1199 2852
1200 782
1200 1406
1201 690
1201 1581
1201 2602
1202 3047
1203 1124
1203 2070
1204 474
1205 2051
1206 664
1207 377
1207 1625
1208 1221
1208 1693
1208 1734
1208 2500
1208 2562
1208 2914
1209 1733
1209 2594
1210 331
1211 180
1211 343
1211 966
1211 1817
1211 2685
1211 3006
1212 921
1212 1035
1212 1352
1212 2345
1212 2683
1212 2830
1213 1148
1213 2219
1213 3134
1214 604
1214 2598
1215 207
1215 1051
1216 2896
1217 1059
1217 1218
1217 1425
1218 819
1218 1217
1218 2827
1219 1702
1219 2185
1220 1930
1221 566
1221 1208
1221 1693
1221 1785
1221 2066
1221 2908
1222 874
1222 1846
1222 2377
1222 2842
1222 2897
1222 2939
1223 945
1223 2920
1223 3139
1224 10
1224 418
1225 138
1226 994
1226 2373
1227 2927
1227 3298
1228 1927
1228 2515
1228 2551
1228 3125
1228 3243
1229 878
1230 162
1230 1316
1230 2778
1230 3057
1231 1287
1231 2623
1232 2819
1233 1233
1234 2303
1234 2971
1235 677
1236 1927
1236 3125
1237 2713
1237 2865
1238 2168
1239 2365
1240 1374
1240 1668
1240 2061
1241 1556
1242 9
1242 1517
1242 2469
1243 146
1243 157
1243 213
1243 269
1243 501
1243 738
1243 747
1243 847
1243 970
1243 1003
1243 1007
1243 1088
1243 1346
1243 1453
1243 1646
1243 1660
1243 1759
1243 1799
1243 1917
1243 2299
1243 2437
1243 2458
1243 2688
1243 2847
1243 2855
1243 3111
1243 3166
1243 3192
1244 699
1245 3236
1246 466
1246 2328
1247 1055
1247 2150
1248 1509
1249 2231
1249 2603
1250 2769
1250 3010
1251 1065
1252 2885
1253 261
1253 2073
1253 2773
1253 3255
1254 550
1254 574
1254 839
1254 1478
1254 1863
1254 1936
1255 94
1255 394
1255 1145
1255 1527
1255 2101
1256 447
1256 893
1257 306
1257 1538
1257 3246
1258 1114
1258 1457
1258 1982
1258 2435
1258 3239
1258 3276
1259 1324
1259 2405
1259 2790
1259 3061
1260 731
1260 747
1260 1285
1260 1364
1260 2070
1260 2329
1261 106
1262 1740
1263 1735
1263 2750
1263 3171
1264 216
1264 2070
1265 600
1266 1520
1266 2325
1266 2676
1266 3076
1267 335
1267 1364
1267 1695
1267 2669
1268 430
1268 1268
1268 1957
1269 466
1269 652
1269 2426
1269 3174
1270 571
1270 788
1270 2785
1271 433
1272 1658
1272 1927
1272 2311
1272 3125
1273 789
1274 513
1274 665
1274 2237
1274 2925
1274 3260
1275 741
1275 2590
1276 1586
1277 114
1277 2004
1278 1178
1278 1580
1278 2425
1278 3027
1279 3284
1280 100
1280 1074
1281 511
1281 3057
1281 3182
1282 317
1282 964
1282 1431
1283 1312
1283 2311
1284 2070
1284 2237
1285 347
1285 397
1285 570
1285 697
1285 731
1285 802
1285 1003
1285 1260
1285 1329
1285 1364
1285 1856
1285 1899
1285 1917
1285 2070
1285 2280
1285 2407
1285 2669
1285 2847
1285 3111
1286 857
1287 1231
1288 2238
1289 156
1289 1599
1289 1725
1289 2037
1289 2222
1289 2252
1290 390
1290 540
1290 755
1291 2311
1292 1944
1293 2885
1294 2220
1294 2449
1294 2919
1295 957
1295 1820
1295 2018
1296 788
1296 1662
1296 2818
1297 1739
1298 1722
1299 1459
1300 2602
1301 378
1302 331
1302 1497
1303 216
1303 2070
1304 117
1304 944
1305 1385
1305 2169
1306 1649
1307 76
1308 97
1308 330
1308 710
1308 953
1308 965
1308 1072
1308 1164
1308 1308
1308 1376
1308 1661
1308 1895
1308 1947
1308 2451
1308 2523
1308 2524
1308 2525
1308 2671
1309 996
1310 2475
1310 2996
1311 777
1311 1408
1312 276
1312 495
1312 624
1312 867
1312 982
1312 1123
1312 1283
1312 2311
1312 2860
1313 1385
1314 216
1314 774
1315 2540
1316 641
1316 1230
1316 1888
1317 2070
1317 3018
1318 357
1319 408
1319 553
1319 980
1319 1043
1319 1350
1319 1500
1319 1645
1319 2063
1319 2132
1319 2254
1319 3149
1319 3150
1320 276
1321 972
1321 2615
1322 69
1323 1579
1323 1775
1323 2007
1323 2103
1323 2746
1324 1031
1324 1259
1324 2165
1325 480
1326 1762
1327 2992
1328 1773
1328 2772
1329 731
1329 1003
1329 1285
1329 1364
1330 278
1330 1977
1331 507
1331 695
1331 1624
1332 345
1332 622
1332 1332
1332 1631
1332 3225
1333 1782
1333 1915
1334 3232
1335 727
1335 2031
1336 2527
1337 1337
1337 1405
1337 1687
1338 1884
1339 26
1339 3037
1340 1923
1340 2370
1340 2842
1340 2897
1340 2939
1340 2962
1340 3003
1341 368
1341 2031
1341 2272
1342 465
1342 1855
1343 14
1343 1748
1343 3108
1344 2092
1345 2503
1345 3035
1345 3250
1346 1243
1346 1364
1346 1386
1346 1476
1346 2070
1346 2229
1346 2447
1346 2452
1346 3153
1347 154
1347 408
1347 504
1347 589
1347 2207
1347 2318
1347 2750
1347 3013
1347 3166
1348 409
1348 1480
1348 1745
1348 2288
1348 3211
1349 2638
1350 68
1350 728
1350 1043
1350 1319
1350 1463
1350 1910
1350 2072
1350 2365
1350 2474
1350 3148
1351 2445
1352 1052
1352 1212
1353 404
1354 370
1354 428
1354 1507
1355 1545
1356 1134
1356 1826
1356 2104
1356 2993
1356 3261
1357 784
1358 1597
1358 2682
1359 2311
1360 125
1361 1563
1362 1362
1362 2152
1363 3282
1364 45
1364 93
1364 347
1364 397
1364 420
1364 570
1364 731
1364 834
1364 845
1364 980
1364 1260
1364 1267
1364 1285
1364 1329
1364 1346
1364 1386
1364 1453
1364 1462
1364 1616
1364 1787
1364 1788
1364 1856
1364 1899
1364 1931
1364 2266
1364 2280
1364 2329
1364 2407
1364 2437
1364 2669
1364 2847
1364 2874
1364 3010
1364 3142
1364 3153
1365 1592
1365 2032
1365 2705
1366 379
1366 937
1366 1522
1366 2362
1366 3212
1367 1561
1367 1911
1368 1064
1369 490
1370 828
1370 1694
1371 84
1371 514
1371 732
1371 1772
1371 1977
1371 2565
1371 3099
1371 3122
1372 853
1372 1617
1373 1398
1373 2333
1374 1240
1374 2061
1375 150
1375 1429
1375 1676
1375 1678
1375 2432
1376 1093
1376 1308
1376 1895
1376 2085
1376 2463
1376 2622
1377 3283
1378 1006
1378 2746
1379 950
1379 1379
1379 3086
1380 1023
1380 1444
1380 2158
1381 1021
1382 601
1382 950
1382 1388
1382 2907
1383 2185
1384 364
1384 882
1385 1305
1385 1313
1386 1346
1386 1364
1386 1476
1386 2070
1386 2229
1386 2452
1386 3153
1387 1763
1388 1382
1388 2907
1389 1105
1390 2892
1391 3084
1392 2024
1393 275
1394 484
1394 1796
1394 2311
1394 2860
1394 3243
1395 2753
1396 398
1396 1014
1396 1421
1396 2644
1397 2349
1398 1373
1399 196
1399 1741
1399 2429
1400 3209
1401 154
1401 998
1401 2222
1402 1405
1402 1512
1402 2057
1403 291
1403 1101
1403 1474
1403 1711
1403 2177
1403 2207
1404 408
1404 2114
1404 2132
1404 2929
1405 1337
1405 1402
1405 1441
1405 1512
1405 1687
1406 782
1406 1200
1406 2964
1407 924
1407 985
1408 265
1408 1311
1409 1808
1410 436
1411 87
1411 1182
1411 2862
1412 1750
1412 2311
1412 2438
1412 2952
1413 594
1413 1085
1413 1101
1413 1603
1413 2072
1413 2132
1413 2229
1413 2668
1413 3192
1414 371
1414 3111
1415 517
1416 1664
1417 300
1418 2419
1419 2544
1419 3039
1419 3055
1419 3218
1420 1047
1420 1954
1420 2710
1420 2756
1421 1396
1422 1084
1422 2330
1423 2404
1424 1424
1424 2848
1425 586
1425 808
1425 952
1425 1217
1426 2835
1427 1427
1427 2233
1427 2795
1427 3127
1428 174
1428 841
1428 1487
1428 1709
1428 2454
1428 2666
1429 1375
1430 487
1431 317
1431 1282
1431 1641
1432 1096
1432 2210
1432 2883
1432 3004
1433 958
1434 1501
1435 3117
1436 1845
1437 95
1437 506
1437 1076
1438 691
1438 954
1438 3189
1439 3214
1440 3288
1441 1405
1441 1512
1441 2057
1442 1081
1442 1972
1443 923
1443 2577
1444 1380
1445 2746
1445 3220
1446 85
1446 2036
1446 2045
1446 2853
1447 269
1447 388
1447 746
1447 2386
1447 2447
1447 2448
1447 2956
1447 3114
1448 707
1448 802
1448 1748
1448 2640
1449 640
1449 1161
1449 1943
1450 1147
1450 2130
1451 234
1451 2952
1452 1480
1452 2143
1452 2288
1452 2409
1452 3211
1453 397
1453 731
1453 834
1453 1243
1453 1364
1453 2070
1453 2407
1454 58
1454 1679
1455 2294
1456 3264
1457 1258
1457 1631
1457 1781
1457 1828
1457 1878
1457 1982
1457 1984
1457 2292
1457 2435
1457 2881
1458 1974
1458 3130
1459 1299
1459 1489
1459 1508
1459 1637
1459 2293
1459 2619
1459 3039
1460 2533
1460 2539
1461 238
1461 338
1461 1733
1461 2320
1461 3307
1462 501
1462 731
1462 829
1462 980
1462 1364
1462 1616
1462 1698
1462 2266
1463 221
1463 1350
1464 2278
1465 621
1465 968
1465 1043
1465 2063
1465 2132
1465 2254
1465 2365
1465 2390
1465 3147
1465 3148
1466 852
1467 556
1467 2570
1468 574
1469 2486
1470 3289
1471 550
1471 2483
1472 2489
1472 2678
1473 631
1473 707
1473 3016
1474 291
1474 1101
1474 1403
1474 2207
1475 31
1475 302
1475 665
1475 834
1475 3260
1476 306
1476 1346
1476 1386
1476 2229
1476 3153
1477 135
1478 1254
1479 604
1479 3165
1480 359
1480 381
1480 417
1480 554
1480 815
1480 1348
1480 1452
1480 2288
1480 3101
1480 3191
1480 3211
1480 3307
1481 203
1481 2701
1481 2878
1481 3043
1482 417
1483 453
1483 760
1484 1897
1485 303
1486 1842
1486 2957
1487 174
1487 1428
1488 3070
1489 1459
1490 3042
1490 3122
1491 2598
1492 276
1492 867
1492 982
1493 51
1493 1199
1493 2852
1494 306
1495 137
1495 1194
1495 2988
1495 3106
1496 509
1496 2456
1496 2544
1496 2750
1497 1302
1498 1723
1499 2697
1500 126
1500 399
1500 1319
1500 1963
1500 2132
1501 838
1501 1183
1501 1434
1501 1528
1501 2076
1501 2205
1501 3120
1502 690
1503 474
1504 655
1504 3280
1505 1505
1506 1631
1506 1720
1506 1943
1506 2287
1506 2624
1506 2677
1506 2782
1506 3212
1506 3225
1506 3259
1506 3275
1507 1354
1507 2602
1508 1459
1509 21
1509 917
1509 1248
1509 1849
1510 2156
1511 631
1511 2895
1512 1402
1512 1405
1512 1441
1513 278
1513 2022
1513 2128
1514 2700
1514 3238
1515 740
1515 2144
1516 3054
1517 1242
1517 2469
1518 2108
1519 1808
1520 1266
1520 2965
1521 2608
1522 1366
1522 2994
1523 2642
1523 2801
1524 2414
1525 1005
1525 1780
1525 2306
1525 2776
1525 3043
1526 635
1526 1665
1527 94
1527 394
1527 595
1527 1255
1527 1527
1527 1677
1528 1501
1528 2199
1528 2966
1528 3200
1529 854
1529 928
1529 2286
1530 1091
1530 1123
1531 1596
1532 1045
1532 1125
1532 2009
1532 2886
1532 3170
1533 1608
1534 780
1535 3098
1536 381
1537 1613
1538 306
1538 1257
1538 3246
1539 2075
1540 740
1541 1541
1541 2279
1542 176
1542 562
1542 875
1542 1165
1542 2588
1542 2773
1542 2932
1543 179
1544 3198
1545 1355
1546 1902
1547 78
1547 498
1547 580
1547 835
1547 1569
1547 3110
1547 3243
1548 3126
1549 980
1549 2847
1549 3233
1550 574
1551 2782
1552 2526
1553 711
1554 1976
1555 290
1555 2218
1556 1241
1557 2119
1557 2213
1558 1091
1558 1123
1558 1879
1558 3102
1559 1096
1559 1795
1560 2922
1561 1367
1562 743
1562 1680
1563 1361
1564 1166
1564 2887
1565 878
1566 2873
1566 2984
1567 1567
1567 3253
1568 40
1568 805
1568 899
1568 1666
1568 2154
1569 1104
1569 1547
1569 1886
1569 2132
1570 1752
1570 2336
1570 2340
1570 3005
1571 1950
1572 1572
1573 2263
1574 967
1574 1798
1575 104
1575 730
1575 894
1575 1062
1575 3056
1576 388
1576 582
1576 629
1576 769
1576 1656
1576 1712
1576 1948
1576 2132
1576 2386
1576 2956
1576 3114
1576 3194
1577 1875
1578 240
1578 341
1578 2528
1578 2854
1578 3077
1579 1323
1579 1775
1580 1278
1580 1893
1581 1201
1581 2331
1582 667
1582 2051
1583 1880
1584 817
1585 819
1585 1915
1586 1276
1587 2070
1588 946
1588 1836
1589 906
1590 1659
1590 1947
1590 2622
1591 981
1592 189
1592 1365
1593 840
1593 3177
1594 98
1594 918
1595 819
1596 1531
1597 1358
1597 2198
1598 548
1598 684
1599 156
1599 471
1599 1289
1599 2089
1599 2222
1600 2305
1600 2844
1601 364
1602 1767
1602 2070
1603 408
1603 594
1603 1413
1603 2132
1604 134
1604 2685
1605 417
1605 433
1605 1179
1605 1859
1605 2660
1606 2672
1607 681
1608 1533
1609 832
1609 3102
1610 3196
1611 321
1612 3305
1613 171
1613 1079
1613 1537
1613 3287
1613 3288
1614 711
1614 2419
1615 544
1616 37
1616 635
1616 834
1616 845
1616 1364
1616 1462
1616 2070
1617 853
1617 1133
1617 1372
1618 1052
1619 2242
1620 1014
1621 3043
1622 462
1623 359
1623 2274
1623 2375
1623 2409
1624 1331
1625 1207
1626 2086
1626 3032
1627 3057
1628 2
1628 403
1628 591
1628 891
1628 1860
1628 2934
1628 3242
1629 2300
1630 1121
1630 2180
1631 622
1631 1332
1631 1457
1631 1506
1631 3225
1632 2005
1633 78
1633 964
1633 2104
1633 2693
1634 3319
1635 625
1635 1708
1636 186
1636 3290
1637 1459
1637 1637
1638 2832
1639 643
1640 2690
1641 1431
1642 1999
1643 180
1643 237
1643 343
1643 1066
1643 2033
1643 2679
1644 626
1644 693
1644 833
1644 1914
1644 2282
1645 1319
1645 2072
1645 2424
1646 19
1646 1243
1646 1834
1646 3260
1647 408
1647 835
1647 1134
1647 2132
1647 2746
1648 96
1648 268
1648 386
1648 2861
1649 844
1649 1306
1649 1901
1650 2790
1651 1073
1651 2224
1652 309
1652 1032
1653 862
1654 2767
1655 709
1655 3203
1656 1095
1656 1576
1656 1712
1656 3194
1657 2340
1658 430
1658 1272
1658 3068
1659 79
1659 1052
1659 1590
1659 1727
1659 2523
1659 2575
1659 3099
1660 1107
1660 1243
1661 134
1661 1308
1661 1947
1662 180
1662 1296
1662 2581
1662 2702
1662 2818
1662 2836
1662 3310
1663 1844
1664 1416
1664 3043
1665 520
1665 1526
1665 3073
1666 1568
1666 2145
1666 3189
1667 154
1668 261
1668 1080
1668 1240
1668 2061
1668 2773
1668 3193
1669 1669
1670 2995
1671 1715
1671 2243
1671 3267
1672 2290
1673 1106
1673 2985
1674 1115
1674 1787
1674 3142
1674 3179
1675 1109
1676 1375
1677 94
1677 394
1677 1527
1677 2597
1677 3300
1678 1375
1679 1454
1680 1562
1680 2659
1680 3053
1680 3192
1681 737
1682 645
1682 2924
1683 1683
1684 734
1685 2405
1685 3061
1686 2123
1686 2634
1687 1337
1687 1405
1687 1687
1688 82
1688 1082
1689 2050
1689 2707
1690 571
1690 1772
1691 1130
1692 1090
1692 1966
1693 1208
1693 1221
1693 2066
1693 2500
1693 3219
1694 1370
1695 45
1695 67
1695 371
1695 847
1695 1267
1695 1898
1695 2070
1695 2437
1695 2905
1695 2935
1695 3078
1695 3111
1696 1052
1696 2268
1696 2782
1697 2052
1698 731
1698 973
1698 980
1698 1462
1698 1787
1698 2229
1698 2237
1698 2329
1698 3142
1698 3201
1699 1907
1699 2551
1700 374
1700 2585
1701 3039
1702 1219
1703 3284
1704 508
1705 133
1705 311
1705 346
1706 3112
1706 3259
1707 1830
1707 1944
1708 625
1708 1635
1709 1428
1709 2454
1710 778
1710 1751
1710 2679
1711 291
1711 1101
1711 1155
1711 1403
1711 2177
1711 2207
1712 1095
1712 1134
1712 1576
1712 1656
1712 3194
1713 2560
1714 1958
1715 574
1715 1671
1716 209
1716 290
1716 3131
1717 98
1717 918
1718 745
1718 787
1718 1089
1719 1107
1719 2386
1720 819
1720 1506
1721 1159
1721 2540
1722 480
1722 1298
1723 1498
1724 3122
1725 1289
1725 2440
1725 3039
1726 3171
1726 3192
1727 79
1727 1659
1728 593
1728 3028
1729 1729
1729 1874
1730 449
1731 74
1731 203
1731 521
1731 700
1731 776
1731 2167
1731 2701
1731 3043
1732 819
1732 1035
1732 2146
1732 2312
1733 1209
1733 1461
1734 548
1734 1208
1734 2038
1734 2066
1734 2500
1734 2720
1735 194
1735 1139
1735 1174
1735 1263
1735 2321
1735 2718
1735 3022
1736 2421
1737 103
1737 2038
1738 716
1739 1297
1740 1262
1741 56
1741 196
1741 1070
1741 1399
1741 1867
1742 8
1742 1052
1742 1773
1742 3063
1743 832
1744 1882
1744 2888
1745 1348
1746 3098
1747 3232
1748 1343
1748 1448
1748 2640
1748 3016
1749 2177
1749 2207
1750 1412
1750 2311
1750 2860
1751 266
1751 974
1751 1035
1751 1710
1751 1773
1751 1824
1751 2345
1751 2683
1752 1570
1753 502
1753 571
1753 1039
1753 2003
1753 2737
1754 2724
1755 3105
1756 173
1756 486
1757 2790
1758 994
1758 1879
1758 2555
1758 3102
1759 388
1759 397
1759 570
1759 973
1759 1243
1759 2070
1759 2314
1759 2452
1759 2874
1760 674
1761 718
1761 2846
1762 1326
1762 2497
1763 1387
1763 2653
1763 2940
1764 281
1764 351
1764 2457
1764 2986
1765 1907
1766 1108
1767 1602
1767 2238
1768 263
1768 3018
1769 2350
1770 1070
1771 2094
1771 2781
1772 353
1772 514
1772 571
1772 607
1772 732
1772 788
1772 1154
1772 1371
1772 1690
1772 1779
1772 3257
1773 11
1773 107
1773 266
1773 843
1773 921
1773 1035
1773 1052
1773 1060
1773 1328
1773 1742
1773 1751
1773 1824
1773 2079
1773 2180
1773 2345
1773 2477
1773 2572
1773 2573
1773 2574
1773 2683
1773 2830
1773 3036
1774 2431
1775 1323
1775 1579
1776 819
1776 2829
1777 1016
1778 2824
1779 1772
1780 535
1780 1005
1780 1525
1780 2389
1780 2776
1781 1114
1781 1457
1781 1982
1781 2435
1781 3239
1781 3276
1782 811
1782 1333
1782 2324
1783 1803
1783 2604
1784 199
1784 1077
1784 1803
1785 1221
1785 2066
1786 3015
1787 1364
1787 1674
1787 1698
1787 2070
1787 2237
1787 3058
1788 427
1788 731
1788 1364
1788 2070
1788 3078
1789 107
1789 819
1790 0
1790 1040
1790 1862
1790 2018
1790 3172
1791 3296
1792 2009
1793 34
1793 2298
1794 3301
1795 1096
1795 1559
1795 2210
1796 118
1796 1123
1796 1394
1796 2493
1796 2733
1797 3039
1797 3246
1798 1574
1799 28
1799 37
1799 356
1799 559
1799 578
1799 1153
1799 1243
1799 2070
1799 2237
1799 2665
1799 2780
1799 2981
1799 3088
1799 3144
1799 3244
1800 2352
1801 459
1802 2094
1802 2781
1803 70
1803 103
1803 265
1803 518
1803 557
1803 654
1803 759
1803 1783
1803 1784
1803 2038
1803 2434
1803 2509
1803 2604
1803 2838
1803 2930
1804 201
1804 1804
1805 2667
1806 2070
1806 2967
1807 57
1808 1409
1808 1519
1809 267
1809 875
1810 1015
1811 827
1811 869
1811 885
1811 1049
1811 1812
1811 2433
1811 2457
1812 1811
1813 749
1814 3113
1815 377
1816 43
1816 1040
1817 381
1817 1211
1817 2173
1818 2397
1818 2923
1818 3309
1819 3036
1820 24
1820 799
1820 957
1820 964
1820 1295
1820 2018
1820 2693
1821 262
1822 2314
1822 2503
1823 2128
1823 3182
1823 3263
1823 3266
1823 3273
1824 1751
1824 1773
1824 2477
1825 109
1825 827
1825 3148
1826 1030
1826 1356
1827 3063
1828 1457
1828 1961
1828 2364
1829 333
1829 535
1829 2223
1829 2656
1829 3043
1830 1707
1830 1944
1830 3100
1831 410
1831 3215
1832 1092
1832 2757
1832 3316
1833 918
1834 59
1834 234
1834 1646
1834 2438
1834 3104
1834 3171
1835 3259
1836 142
1836 946
1836 1097
1836 1588
1836 1836
1837 2884
1838 230
1839 377
1840 2095
1841 624
1842 1486
1843 68
1843 291
1843 1101
1844 447
1844 470
1844 1663
1844 2026
1845 1436
1845 1845
1845 2070
1846 1222
1846 2408
1846 2816
1847 809
1848 176
1848 819
1848 875
1848 3277
1849 1509
1850 1165
1850 3087
1850 3161
1851 3203
1852 22
1852 145
1852 240
1852 763
1852 834
1852 2706
1853 2060
1854 659
1854 3031
1855 1342
1856 731
1856 1003
1856 1285
1856 1364
1856 2070
1856 3179
1857 887
1858 2227
1859 1605
1860 708
1860 1166
1860 1628
1860 2887
1860 2983
1860 3242
1861 2471
1862 0
1862 1790
1862 1862
1863 1254
1864 376
1864 615
1865 886
1866 2646
1866 2757
1867 1070
1867 1741
1867 2429
1868 962
1869 426
1869 2514
1870 2197
1870 2743
1870 3143
1871 683
1872 1915
1872 2410
1872 2652
1872 3091
1872 3258
1873 1978
1873 2761
1873 3092
1874 1729
1875 1144
1875 1577
1876 1887
1877 204
1878 1114
1878 1457
1878 3239
1878 3276
1879 994
1879 1558
1879 1758
1879 2373
1879 2374
1880 1583
1881 430
1882 1744
1883 2493
1883 2954
1883 3175
1884 1338
1884 1951
1884 2291
1885 1885
1886 835
1886 1569
1887 1876
1888 1316
1889 2545
1889 3083
1890 2164
1891 54
1891 1891
1891 2188
1892 458
1892 1170
1892 3198
1893 1178
1893 1580
1893 2425
1893 3027
1894 387
1895 1308
1895 1376
1896 517
1896 579
1896 825
1896 2992
1897 632
1897 1484
1897 2687
1898 329
1898 731
1898 1695
1899 731
1899 1003
1899 1285
1899 1364
1899 2070
1899 3179
1900 942
1900 1002
1901 1649
1902 1546
1903 185
1903 499
1903 3197
1904 2549
1905 2354
1905 2475
1905 2957
1906 2375
1906 3282
1907 1699
1907 1765
1908 2419
1909 678
1910 68
1910 1350
1910 2750
1910 3013
1911 142
1911 1367
1911 2911
1912 225
1912 363
1912 1073
1912 2974
1912 3184
1913 209
1913 290
1913 813
1914 616
1914 626
1914 693
1914 819
1914 1644
1915 469
1915 819
1915 1333
1915 1585
1915 1872
1915 2410
1915 2737
1915 3258
1916 2481
1916 3270
1917 445
1917 1243
1917 1285
1917 2070
1917 2207
1918 2163
1918 3260
1919 1919
1920 2028
1920 2864
1920 2965
1921 454
1921 866
1921 881
1921 1052
1922 2112
1923 1340
1923 2246
1923 2284
1923 2370
1923 2377
1923 2816
1924 2813
1925 842
1926 1977
1926 2420
1926 2775
1927 430
1927 1228
1927 1236
1927 1272
1927 2012
1927 3125
1928 1049
1929 918
1929 2402
1930 1220
1931 1364
1931 2237
1931 2448
1932 378
1932 2040
1933 938
1934 2889
1935 773
1936 1254
1936 2120
1937 514
1937 1937
1938 226
1938 398
1938 2644
1939 637
1939 726
1939 793
1939 2166
1940 229
1940 1960
1941 761
1941 1185
1942 253
1943 345
1943 1052
1943 1449
1943 1506
1943 1998
1944 1292
1944 1707
1944 1830
1945 2064
1946 85
1946 1123
1946 3243
1947 412
1947 1308
1947 1590
1947 1661
1948 1095
1948 1576
1948 2668
1949 156
1949 2222
1950 1571
1950 2410
1951 1884
1952 91
1953 483
1954 441
1954 1057
1954 1420
1954 2756
1955 654
1955 1024
1955 1146
1956 28
1956 37
1956 559
1956 578
1956 856
1956 1153
1956 1956
1956 2070
1956 2237
1956 2780
1956 2855
1956 2981
1956 3088
1956 3260
1957 1268
1957 3001
1958 1714
1959 432
1959 1124
1960 229
1960 1076
1960 1940
1960 2208
1961 482
1961 932
1961 1828
1961 1961
1962 638
1963 1500
1963 3017
1964 172
1964 3306
1965 25
1966 1692
1967 2757
1968 3043
1969 2077
1970 203
1970 2389
1970 2878
1971 31
1971 2582
1971 3281
1972 1442
1973 97
1973 1093
1973 2561
1974 1458
1974 3130
1975 1975
1976 1554
1977 531
1977 819
1977 1330
1977 1371
1977 1926
1977 2420
1977 2912
1978 1873
1978 1978
1979 702
1979 2938
1980 575
1981 1169
1981 2670
1982 111
1982 622
1982 1114
1982 1258
1982 1457
1982 1781
1982 2364
1982 2435
1982 3239
1982 3276
1983 880
1984 111
1984 622
1984 1457
1985 2745
1985 3093
1986 433
1986 2360
1986 3037
1987 384
1988 3282
1989 541
1990 3043
1991 489
1991 614
1992 2878
1993 452
1993 1086
1993 2179
1993 2517
1994 326
1994 2084
1995 585
1996 676
1996 2942
1997 2798
1998 66
1998 173
1998 936
1998 1943
1998 2335
1998 2624
1999 1642
2000 678
2001 433
2001 2536
2002 345
2002 3225
2003 1753
2003 2829
2004 114
2004 1277
2004 2004
2005 1632
2005 3116
2006 2807
2007 115
2007 289
2007 1323
2007 2035
2007 2718
2007 3156
2008 3007
2009 871
2009 1532
2009 1792
2009 2522
2009 2709
2009 2810
2009 2886
2010 2250
2010 3100
2011 305
2011 3163
2012 495
2012 940
2012 1927
2012 2311
2012 2551
2013 2644
2013 2711
2014 1197
2014 3132
2015 2015
2016 2016
2017 2070
2018 455
2018 799
2018 1115
2018 1295
2018 1790
2018 1820
2018 2195
2018 3135
2018 3153
2019 1012
2020 127
2020 836
2020 2237
2020 3103
2021 2100
2022 1513
2022 2535
2023 2141
2024 1392
2025 1018
2026 178
2026 923
2026 1844
2026 2119
2026 2734
2027 3143
2028 794
2028 897
2028 1920
2028 2965
2029 2572
2030 307
2030 1077
2030 3122
2031 368
2031 1335
2031 1341
2032 189
2032 1365
2032 2705
2032 3303
2033 1643
2033 2679
2034 469
2034 1191
2034 2066
2034 2077
2034 2111
2035 2007
2035 3295
2036 495
2036 940
2036 1446
2036 2160
2036 3138
2037 1289
2037 2440
2037 3039
2038 380
2038 1734
2038 1737
2038 1803
2038 2434
2038 2838
2039 1044
2040 1932
2041 786
2042 933
2043 729
2043 2735
2043 3049
2044 3079
2045 85
2045 1446
2045 3243
2046 546
2046 711
2046 3286
2047 2063
2047 2691
2048 207
2048 570
2048 2847
2049 2049
2050 1689
2051 1042
2051 1205
2051 1582
2052 1697
2053 2250
2053 2578
2053 2727
2054 2921
2055 2202
2056 2056
2057 1402
2057 1441
2058 2135
2059 890
2060 231
2060 1853
2061 1240
2061 1374
2061 1668
2061 3193
2062 553
2062 1043
2062 2072
2062 3149
2063 820
2063 1319
2063 1465
2063 2047
2063 2072
2063 2460
2063 3149
2064 1945
2064 2238
2065 2249
2066 760
2066 819
2066 1221
2066 1693
2066 1734
2066 1785
2066 2034
2066 2499
2066 2500
2066 2651
2067 835
2067 2199
2068 905
2068 918
2068 1016
2068 2383
2069 2811
2070 13
2070 50
2070 93
2070 127
2070 157
2070 213
2070 222
2070 302
2070 344
2070 347
2070 354
2070 397
2070 432
2070 455
2070 484
2070 501
2070 520
2070 532
2070 570
2070 593
2070 635
2070 665
2070 717
2070 738
2070 802
2070 810
2070 834
2070 845
2070 873
2070 889
2070 911
2070 947
2070 996
2070 1075
2070 1088
2070 1195
2070 1203
2070 1260
2070 1264
2070 1284
2070 1285
2070 1303
2070 1317
2070 1346
2070 1386
2070 1453
2070 1587
2070 1602
2070 1616
2070 1695
2070 1759
2070 1787
2070 1788
2070 1799
2070 1806
2070 1845
2070 1856
2070 1899
2070 1917
2070 1956
2070 2017
2070 2121
2070 2265
2070 2266
2070 2280
2070 2285
2070 2314
2070 2329
2070 2407
2070 2437
2070 2458
2070 2459
2070 2461
2070 2487
2070 2502
2070 2503
2070 2665
2070 2669
2070 2688
2070 2824
2070 2847
2070 2935
2070 2967
2070 2985
2070 2989
2070 2996
2070 3010
2070 3078
2070 3081
2070 3103
2070 3109
2070 3111
2070 3142
2070 3150
2070 3153
2070 3192
2070 3231
2070 3232
2070 3233
2071 2935
2071 3260
2072 154
2072 461
2072 728
2072 968
2072 1043
2072 1350
2072 1413
2072 1645
2072 2062
2072 2063
2072 2132
2072 2207
2072 2254
2072 2365
2072 2390
2072 2668
2072 3147
2072 3148
2073 261
2073 1253
2073 2773
2073 3031
2073 3255
2074 656
2074 2191
2075 651
2075 1539
2076 1045
2076 1501
2077 1969
2077 2034
2077 2443
2078 2722
2079 1773
2079 2109
2080 3234
2081 154
2082 1148
2082 3131
2083 66
2083 571
2083 667
2083 788
2083 1077
2084 1994
2084 2544
2084 2750
2085 1078
2085 1376
2086 1626
2087 315
2088 126
2088 2132
2089 156
2089 727
2089 1599
2089 2222
2089 2315
2089 2471
2090 2368
2091 2091
2092 1344
2093 2319
2094 1771
2094 1802
2095 1840
2096 2356
2097 78
2097 553
2097 619
2097 785
2097 3135
2097 3136
2098 2098
2099 2836
2100 572
2100 2021
2100 2609
2100 2610
2100 2611
2101 1255
2102 581
2102 679
2102 2735
2102 3049
2103 1323
2103 2746
2104 1356
2104 1633
2105 1016
2106 3195
2107 2107
2108 1518
2109 266
2109 285
2109 1035
2109 2079
2109 2345
2109 2683
2110 594
2110 2746
2110 3102
2111 2034
2111 2815
2112 1922
2113 1077
2114 647
2114 1404
2114 2483
2114 3221
2115 448
2115 2281
2115 2596
2115 3285
2116 11
2117 34
2117 58
2117 751
2117 2216
2118 450
2119 55
2119 516
2119 772
2119 831
2119 1045
2119 1557
2119 2026
2119 2213
2119 2484
2119 2755
2119 3226
2120 550
2120 1936
2120 3155
2121 2070
2121 2237
2122 366
2123 1686
2123 2634
2123 2635
2123 2880
2124 2124
2125 395
2126 263
2127 2289
2128 278
2128 1513
2128 1823
2129 3035
2130 1147
2130 1450
2131 2570
2131 2571
2132 78
2132 154
2132 393
2132 399
2132 439
2132 593
2132 628
2132 820
2132 834
2132 1085
2132 1095
2132 1156
2132 1319
2132 1404
2132 1413
2132 1465
2132 1500
2132 1569
2132 1576
2132 1603
2132 1647
2132 2072
2132 2088
2132 2452
2132 2461
2132 2668
2132 2875
2132 3024
2132 3055
2133 903
2133 2512
2134 2323
2134 2515
2134 3243
2135 1134
2135 2058
2136 601
2137 3160
2138 1094
2139 543
2140 916
2141 2023
2141 2342
2142 315
2143 1452
2144 1515
2145 15
2145 299
2145 493
2145 799
2145 909
2145 1666
2145 2365
2146 819
2146 1732
2147 2347
2148 1137
2148 2589
2149 68
2149 915
2149 1101
2149 2151
2149 2750
2150 1055
2150 1247
2151 2149
2151 2636
2151 2663
2152 1362
2153 208
2153 1026
2153 2428
2153 2442
2153 3183
2154 997
2154 1568
2155 654
2155 1029
2155 2326
2155 2398
2155 2399
2155 2400
2155 3154
2156 1510
2157 819
2158 1023
2158 1380
2159 2672
2160 495
2160 2036
2160 2853
2161 819
2161 821
2162 594
2162 2181
2162 3008
2163 1918
2164 1890
2164 2346
2165 310
2165 1324
2165 2790
2165 2902
2166 793
2166 1939
2166 3266
2167 203
2167 597
2167 700
2167 1731
2167 2394
2167 2701
2167 2703
2168 630
2168 1238
2168 2406
2168 2910
2168 2943
2168 3199
2169 1305
2170 3036
2171 544
2171 3060
2172 1196
2173 966
2173 1817
2174 60
2175 474
2176 918
2176 2250
2176 2578
2176 2727
2177 145
2177 241
2177 369
2177 1403
2177 1711
2177 1749
2177 2337
2178 745
2178 3299
2179 1993
2179 2904
2179 2971
2179 3089
2180 1035
2180 1121
2180 1630
2180 1773
2180 2477
2181 2162
2181 3008
2182 143
2183 736
2184 474
2184 691
2184 2710
2185 1219
2185 1383
2186 1144
2187 2827
2188 1891
2189 175
2189 1119
2189 3024
2190 239
2191 656
2191 2074
2191 2570
2192 510
2192 2900
2193 1052
2193 2746
2194 303
2195 957
2195 2018
2195 2696
2196 1052
2197 1870
2197 2743
2197 3069
2197 3143
2198 1597
2198 2682
2199 240
2199 498
2199 1528
2199 2067
2199 3077
2200 392
2201 721
2201 2369
2201 3130
2202 539
2202 2055
2203 514
2203 788
2204 577
2204 642
2204 3210
2205 1501
2206 437
2207 553
2207 1347
2207 1403
2207 1474
2207 1711
2207 1749
2207 1917
2207 2072
2207 2750
2207 3166
2208 229
2208 1960
2209 3267
2210 750
2210 948
2210 1432
2210 1795
2211 2436
2212 220
2212 919
2213 55
2213 1557
2213 2119
2214 662
2214 1046
2214 2717
2215 3293
2216 2117
2217 2771
2217 3026
2217 3202
2218 1555
2219 1004
2219 1193
2219 1213
2219 2331
2219 2332
2219 2393
2219 3134
2220 482
2220 554
2220 1294
2220 3101
2221 2936
2222 154
2222 156
2222 358
2222 412
2222 1289
2222 1401
2222 1599
2222 1949
2222 2089
2222 2470
2223 203
2223 535
2223 1829
2224 970
2224 1651
2225 1118
2225 3294
2226 1000
2226 3315
2227 1858
2228 918
2228 3313
2229 393
2229 1346
2229 1386
2229 1413
2229 1476
2229 1698
2229 2255
2229 3153
2229 3228
2230 2771
2231 1249
2232 2537
2233 1427
2233 2795
2233 3127
2234 2730
2235 2851
2236 530
2236 884
2237 13
2237 28
2237 50
2237 112
2237 127
2237 213
2237 354
2237 432
2237 501
2237 559
2237 834
2237 836
2237 889
2237 1115
2237 1274
2237 1284
2237 1698
2237 1787
2237 1799
2237 1931
2237 1956
2237 2020
2237 2121
2237 2714
2237 2780
2237 2847
2237 2935
2237 3103
2237 3142
2237 3145
2238 349
2238 545
2238 1288
2238 1767
2238 2064
2238 2422
2238 2873
2238 2984
2239 165
2240 2891
2241 2273
2241 3239
2242 251
2242 1619
2243 1671
2244 2655
2245 1073
2245 2505
2245 2826
2246 92
2246 454
2246 807
2246 1923
2246 2284
2246 2370
2246 2408
2246 2962
2246 3003
2247 2991
2248 456
2249 2065
2250 98
2250 539
2250 660
2250 2010
2250 2053
2250 2176
2250 2578
2250 2657
2250 2727
2251 2751
2252 1289
2252 2440
2252 3039
2253 62
2254 78
2254 1319
2254 1465
2254 2072
2254 2391
2254 2568
2254 3149
2255 864
2255 2229
2256 136
2256 3251
2257 878
2258 926
2259 3142
2260 2601
2261 642
2261 2773
2261 3208
2261 3210
2262 287
2262 2310
2263 1573
2263 2311
2264 993
2265 501
2265 570
2265 802
2265 810
2265 829
2265 2070
2265 2266
2265 2847
2266 501
2266 731
2266 829
2266 973
2266 1364
2266 1462
2266 2070
2266 2265
2266 2874
2266 3117
2267 848
2268 1102
2268 1696
2268 2760
2269 1084
2270 2355
2270 2706
2270 2985
2271 2527
2272 1341
2273 475
2273 516
2273 603
2273 2241
2274 1623
2275 2413
2276 532
2277 753
2278 1464
2278 2974
2278 3316
2279 1541
2280 1285
2280 1364
2280 2070
2281 541
2281 2115
2282 168
2282 264
2282 1644
2283 228
2284 1001
2284 1923
2284 2246
2284 2284
2284 2380
2285 432
2285 2070
2286 988
2286 1529
2287 819
2287 1082
2287 1506
2287 2782
2287 2825
2287 3178
2288 381
2288 554
2288 1348
2288 1452
2288 1480
2288 2951
2288 3101
2288 3167
2288 3211
2288 3227
2289 2127
2290 1672
2291 1884
2292 1032
2292 1457
2293 1459
2294 979
2294 1455
2294 3034
2294 3151
2294 3209
2295 2547
2295 2548
2296 2748
2296 2811
2297 204
2297 2297
2298 204
2298 1793
2299 344
2299 1003
2299 1243
2299 3231
2300 1629
2300 2300
2300 3162
2301 2301
2302 2595
2303 1234
2304 778
2305 1600
2306 1525
2307 760
2307 2621
2307 2651
2307 2749
2308 2431
2309 839
2309 2698
2310 2262
2311 276
2311 512
2311 1125
2311 1272
2311 1283
2311 1291
2311 1312
2311 1359
2311 1394
2311 1412
2311 1750
2311 2012
2311 2263
2311 2388
2311 3170
2311 3243
2312 819
2312 1732
2313 417
2313 2594
2314 802
2314 1759
2314 1822
2314 2070
2314 2314
2314 3232
2315 569
2315 2089
2316 2316
2317 934
2318 22
2318 145
2318 240
2318 445
2318 617
2318 763
2318 834
2318 1183
2318 1347
2318 2641
2318 2706
2318 2746
2318 2750
2318 3171
2319 2093
2320 511
2320 526
2320 1461
2321 578
2321 1735
2321 2981
2321 3088
2322 78
2322 553
2322 3039
2323 118
2323 2134
2324 295
2324 1782
2324 2434
2324 2838
2325 1266
2325 2676
2325 2965
2326 80
2326 159
2326 688
2326 884
2326 2155
2327 870
2327 3033
2328 1246
2329 420
2329 731
2329 1115
2329 1260
2329 1364
2329 1698
2329 2070
2329 3192
2330 1422
2331 1581
2331 2219
2332 236
2332 2219
2332 2377
2333 1373
2334 487
2335 819
2335 1998
2336 1116
2336 1570
2337 2177
2337 3010
2338 2789
2339 265
2340 1570
2340 1657
2341 62
2342 2141
2342 2838
2343 547
2343 753
2344 182
2345 266
2345 285
2345 1035
2345 1212
2345 1751
2345 1773
2345 2109
2346 2164
2347 2147
2348 3062
2349 1397
2349 2846
2349 3196
2350 1769
2351 2527
2352 1800
2352 2779
2353 68
2353 2804
2354 1905
2355 816
2355 2270
2355 2706
2355 2746
2355 2750
2355 2985
2356 405
2356 2096
2357 103
2358 3064
2359 385
2359 2861
2360 574
2360 1986
2361 264
2361 2843
2362 208
2362 264
2362 918
2362 1026
2362 1366
2362 3183
2363 932
2363 3022
2364 663
2364 932
2364 1828
2364 1982
2364 2446
2364 2462
2365 221
2365 1239
2365 1350
2365 1465
2365 2072
2365 2145
2365 3149
2366 21
2367 79
2367 841
2367 1052
2367 2671
2367 2915
2367 2932
2368 2090
2369 721
2369 2201
2369 3130
2370 1340
2370 1923
2370 2246
2371 291
2371 2756
2371 2982
2371 3133
2372 2372
2373 18
2373 1226
2373 1879
2373 2607
2373 3102
2374 1879
2374 3102
2375 409
2375 1623
2375 1906
2375 2648
2375 2951
2375 3227
2376 495
2376 2670
2377 92
2377 209
2377 1222
2377 1923
2377 2332
2377 2378
2378 2377
2379 694
2380 959
2380 2284
2381 202
2382 377
2383 832
2383 2068
2384 795
2385 432
2386 422
2386 1095
2386 1107
2386 1447
2386 1576
2386 1719
2386 2691
2387 139
2388 276
2388 2311
2389 1005
2389 1780
2389 1970
2389 2776
2389 3207
2390 150
2390 618
2390 1184
2390 1465
2390 2072
2390 2979
2391 78
2391 2254
2391 2391
2391 2568
2391 2828
2392 3129
2393 2219
2393 3134
2394 2167
2394 2701
2394 2703
2395 879
2396 807
2396 1160
2396 2842
2396 2897
2396 2939
2397 1818
2397 2540
2397 2541
2398 884
2398 2155
2399 884
2399 2155
2400 788
2400 884
2400 2155
2400 3112
2401 474
2402 918
2402 1929
2402 2727
2403 2842
2403 2897
2404 1423
2405 468
2405 1259
2405 1685
2406 33
2406 630
2406 855
2406 2168
2406 3199
2406 3246
2407 397
2407 665
2407 731
2407 1134
2407 1285
2407 1364
2407 1453
2407 2070
2407 2874
2407 2989
2407 2993
2407 3260
2408 1846
2408 2246
2409 900
2409 1452
2409 1623
2409 2791
2409 3307
2410 1872
2410 1915
2410 1950
2410 2650
2410 2652
2411 702
2411 2938
2412 172
2412 340
2412 599
2412 3306
2413 2275
2414 1524
2415 1134
2415 2416
2416 2415
2416 2416
2417 2417
2417 2669
2418 124
2419 1418
2419 1614
2419 1908
2420 1926
2420 1977
2420 2775
2421 1736
2422 2238
2423 818
2424 1645
2425 1278
2425 1893
2425 3122
2426 466
2426 1269
2426 3176
2427 191
2428 208
2428 442
2428 1026
2428 1144
2428 2153
2429 56
2429 196
2429 1070
2429 1399
2429 1867
2430 265
2430 2961
2431 1774
2431 2308
2431 2538
2432 1375
2433 1811
2433 3181
2434 295
2434 654
2434 1077
2434 1803
2434 2038
2434 2324
2434 2858
2435 1114
2435 1258
2435 1457
2435 1781
2435 1982
2435 2435
2435 3239
2435 3276
2436 2211
2437 731
2437 738
2437 1243
2437 1364
2437 1695
2437 2070
2437 2905
2437 3232
2438 905
2438 1412
2438 1834
2439 1135
2440 1725
2440 2037
2440 2252
2441 445
2441 578
2441 594
2442 208
2442 442
2442 1144
2442 2153
2443 2077
2443 2443
2443 2815
2444 866
2444 881
2445 380
2445 551
2445 1351
2446 663
2446 1032
2446 2364
2447 356
2447 1346
2447 1447
2447 2667
2447 2691
2448 269
2448 400
2448 746
2448 775
2448 1134
2448 1447
2448 1931
2448 2691
2448 2956
2449 1294
2449 2919
2450 428
2451 35
2451 134
2451 1052
2451 1072
2451 1093
2451 1308
2452 146
2452 810
2452 834
2452 1346
2452 1386
2452 1759
2452 2132
2452 2668
2452 3107
2453 152
2453 493
2454 1192
2454 1428
2454 1709
2455 183
2455 1159
2455 2673
2456 145
2456 241
2456 369
2456 1496
2457 1764
2457 1811
2458 1124
2458 1243
2458 2070
2459 83
2459 451
2459 2070
2460 598
2460 820
2460 2063
2461 146
2461 408
2461 1156
2461 2070
2461 2132
2461 2874
2462 2364
2463 1078
2463 1376
2464 462
2465 801
2466 457
2466 2467
2467 2466
2468 3043
2469 1242
2469 1517
2469 3043
2470 2222
2470 3065
2471 1861
2471 2089
2472 2472
2473 233
2474 1350
2475 1310
2475 1905
2475 2569
2475 2957
2475 3066
2476 525
2476 939
2476 2962
2477 1773
2477 1824
2477 2180
2478 174
2478 280
2479 133
2479 311
2480 2481
2480 3219
2481 1916
2481 2480
2481 3270
2482 3220
2483 415
2483 647
2483 876
2483 1471
2483 2114
2484 55
2484 1077
2484 2119
2485 550
2485 755
2486 1469
2487 731
2487 973
2487 2070
2487 2874
2488 465
2488 901
2489 1472
2489 2678
2490 789
2490 2491
2491 519
2491 2490
2492 3044
2493 258
2493 1796
2493 1883
2493 3175
2494 938
2495 3229
2496 1152
2497 1762
2498 4
2498 2961
2499 2066
2499 2500
2500 1208
2500 1693
2500 1734
2500 2066
2500 2499
2501 1173
2502 1134
2502 2070
2502 2659
2502 3260
2503 669
2503 810
2503 1345
2503 1822
2503 2070
2503 2763
2504 3180
2505 314
2505 2245
2505 2702
2506 545
2506 2818
2507 1118
2508 518
2508 1077
2508 2738
2509 265
2509 1803
2509 2858
2510 362
2511 260
2511 273
2511 458
2511 1170
2511 3198
2512 2133
2513 2759
2514 32
2514 309
2514 542
2514 1869
2515 131
2515 701
2515 1025
2515 1228
2515 2134
2515 2551
2515 2841
2515 3156
2516 3249
2517 1993
2517 2879
2518 355
2519 2519
2520 19
2521 3253
2522 2009
2522 3254
2523 412
2523 587
2523 1308
2523 1659
2524 1308
2525 1308
2526 1552
2526 2862
2527 1336
2527 2271
2527 2351
2528 240
2528 1578
2528 3077
2529 557
2530 528
2531 523
2532 1009
2533 1460
2533 2719
2533 2782
2534 1046
2534 2717
2535 2022
2535 2788
2536 2001
2537 132
2537 1083
2537 2232
2537 2817
2538 238
2538 1087
2538 2431
2539 557
2539 819
2539 858
2539 1460
2540 800
2540 1159
2540 1315
2540 1721
2540 2397
2540 2541
2540 2673
2541 464
2541 842
2541 2397
2541 2540
2542 324
2543 2827
2544 1419
2544 1496
2544 2084
2544 3055
2545 1889
2546 1010
2547 360
2547 376
2547 576
2547 2295
2547 2548
2548 576
2548 2295
2548 2547
2549 1904
2550 987
2551 1025
2551 1228
2551 1699
2551 2012
2551 2515
2551 2555
2552 2805
2552 3269
2553 2805
2554 365
2555 289
2555 1758
2555 2551
2556 352
2557 3232
2558 1114
2559 3271
2559 3272
2560 417
2560 1713
2561 953
2561 1973
2562 1208
2563 50
2564 1172
2565 514
2565 788
2565 1371
2566 142
2566 2606
2567 392
2568 2254
2568 2391
2569 2475
2569 2957
2570 656
2570 1467
2570 2131
2570 2191
2570 2571
2571 508
2571 2131
2571 2570
2572 1773
2572 2029
2572 2741
2573 1773
2573 2772
2574 11
2574 1773
2575 1659
2575 2941
2576 71
2576 421
2577 1443
2578 918
2578 2053
2578 2176
2578 2250
2578 2727
2578 3062
2579 3150
2580 1020
2580 3054
2581 314
2581 1662
2581 2702
2581 2818
2582 1971
2583 364
2584 2584
2585 1700
2586 2721
2587 834
2588 1542
2589 2148
2590 1275
2591 706
2592 2790
2593 2642
2593 2801
2594 417
2594 972
2594 1209
2594 2313
2594 2803
2595 2302
2596 812
2596 2115
2596 3285
2597 1677
2598 642
2598 1214
2598 1491
2599 319
2600 308
2601 2260
2602 602
2602 1201
2602 1300
2602 1507
2603 39
2603 1249
2603 2767
2604 66
2604 1189
2604 1783
2604 1803
2605 334
2606 2566
2607 856
2607 2373
2608 1521
2609 2100
2609 2611
2610 2100
2610 2611
2611 2100
2611 2609
2611 2610
2611 2612
2612 2611
2613 227
2614 2694
2615 646
2615 972
2615 1321
2616 211
2617 2617
2618 433
2619 1459
2620 301
2620 612
2620 860
2621 2307
2622 1376
2622 1590
2623 1231
2624 8
2624 173
2624 298
2624 1506
2624 1998
2625 819
2626 819
2627 407
2627 2916
2628 359
2628 417
2629 739
2630 3092
2631 1103
2632 3030
2633 75
2634 1686
2634 2123
2634 2635
2634 2880
2635 2123
2635 2634
2635 2880
2636 2151
2636 3312
2637 328
2637 2736
2638 1349
2639 2639
2640 1448
2640 1748
2641 2318
2642 1523
2642 2593
2643 3059
2644 1014
2644 1396
2644 1938
2644 2013
2645 995
2646 1866
2647 929
2648 409
2648 590
2648 1022
2648 2375
2648 2649
2648 2745
2649 2648
2650 2410
2651 667
2651 2066
2651 2307
2652 262
2652 1872
2652 2410
2652 3258
2653 514
2653 1763
2654 677
2655 2244
2656 1829
2657 2250
2657 3062
2658 3326
2659 1680
2659 2502
2659 2687
2660 1605
2661 479
2662 1086
2663 2151
2663 3192
2664 476
2665 28
2665 112
2665 213
2665 356
2665 559
2665 889
2665 1799
2665 2070
2665 2780
2665 2981
2665 3088
2665 3144
2665 3145
2665 3146
2666 473
2666 1428
2667 1805
2667 2447
2668 594
2668 911
2668 1101
2668 1115
2668 1413
2668 1948
2668 2072
2668 2132
2668 2452
2668 2847
2669 397
2669 1267
2669 1285
2669 1364
2669 2070
2669 2417
2669 2989
2669 3232
2670 1169
2670 1981
2670 2376
2671 134
2671 583
2671 840
2671 1308
2671 2367
2671 2825
2671 3177
2672 596
2672 1606
2672 2159
2672 3039
2673 116
2673 440
2673 748
2673 1054
2673 2455
2673 2540
2674 223
2674 864
2675 819
2675 2786
2676 1266
2676 2325
2677 819
2677 1506
2678 1472
2678 2489
2679 343
2679 1643
2679 1710
2679 2033
2680 455
2680 941
2680 1169
2681 433
2682 1358
2682 2198
2683 266
2683 1035
2683 1212
2683 1751
2683 1773
2683 2109
2684 1168
2685 327
2685 1211
2685 1604
2686 2831
2686 3147
2687 1897
2687 2659
2687 3192
2688 397
2688 731
2688 1243
2688 2070
2689 1170
2690 1640
2691 269
2691 388
2691 2047
2691 2386
2691 2447
2691 2448
2691 2956
2691 3114
2692 804
2692 1194
2692 3102
2693 154
2693 317
2693 383
2693 533
2693 589
2693 1633
2693 1820
2693 2771
2693 2995
2693 3160
2694 2614
2695 433
2696 2195
2697 1499
2698 200
2698 2309
2699 2949
2699 3025
2700 1514
2700 3238
2701 74
2701 203
2701 521
2701 597
2701 700
2701 776
2701 1481
2701 1731
2701 2167
2701 2394
2701 2703
2702 314
2702 1662
2702 2505
2702 2581
2702 2818
2702 3310
2703 203
2703 2167
2703 2394
2703 2701
2703 2969
2703 3043
2704 393
2705 189
2705 1365
2705 2032
2706 1852
2706 2270
2706 2318
2706 2355
2706 2985
2706 3013
2707 1689
2708 2918
2709 2009
2709 2810
2710 150
2710 1047
2710 1056
2710 1420
2710 2184
2710 3304
2711 2013
2712 2873
2713 1237
2714 635
2714 810
2714 2237
2714 2714
2715 219
2716 215
2717 1046
2717 2214
2717 2534
2718 101
2718 1735
2718 2007
2719 265
2719 2533
2719 3262
2720 1734
2721 852
2721 2586
2722 2078
2723 565
2723 704
2724 1754
2725 1157
2726 930
2727 168
2727 2053
2727 2176
2727 2250
2727 2402
2727 2578
2728 433
2729 548
2729 2870
2730 2234
2731 1125
2732 3111
2733 484
2733 1796
2733 3243
2734 2026
2735 358
2735 2043
2735 2102
2736 1013
2736 2637
2737 1753
2737 1915
2738 910
2738 2508
2739 57
2740 118
2740 467
2741 2572
2742 732
2743 1870
2743 2197
2743 3143
2744 441
2744 1100
2745 1985
2745 2648
2746 197
2746 445
2746 925
2746 1006
2746 1323
2746 1378
2746 1445
2746 1647
2746 2103
2746 2110
2746 2193
2746 2318
2746 2355
2746 3055
2746 3171
2747 460
2747 910
2747 3057
2747 3275
2748 2296
2749 232
2749 284
2749 760
2749 2307
2750 19
2750 145
2750 154
2750 223
2750 504
2750 509
2750 593
2750 763
2750 834
2750 864
2750 1139
2750 1263
2750 1347
2750 1496
2750 1910
2750 2084
2750 2149
2750 2207
2750 2318
2750 2355
2750 2937
2750 3013
2750 3192
2751 2251
2752 571
2753 1395
2754 2774
2755 1045
2755 1151
2755 2119
2756 154
2756 291
2756 441
2756 765
2756 1100
2756 1420
2756 1954
2756 2371
2756 2756
2756 2937
2756 2982
2757 243
2757 1092
2757 1112
2757 1832
2757 1866
2757 1967
2758 819
2759 2513
2759 2944
2760 1052
2760 2268
2760 2782
2761 1873
2762 1008
2762 3307
2763 2503
2764 276
2765 1055
2766 3043
2767 1654
2767 2603
2767 2767
2768 552
2768 1182
2769 1250
2769 3010
2770 2770
2771 318
2771 964
2771 2217
2771 2230
2771 2693
2772 1328
2772 2573
2773 267
2773 604
2773 1253
2773 1542
2773 1668
2773 2073
2773 2261
2773 3165
2773 3255
2774 2754
2774 2774
2775 514
2775 1926
2775 2420
2776 246
2776 1005
2776 1525
2776 1780
2776 2389
2776 3207
2777 474
2777 2797
2778 929
2778 1230
2779 2352
2780 28
2780 112
2780 213
2780 356
2780 559
2780 578
2780 856
2780 889
2780 1799
2780 1956
2780 2237
2780 2665
2780 2855
2780 3145
2780 3260
2781 1771
2781 1802
2782 650
2782 819
2782 1013
2782 1052
2782 1061
2782 1082
2782 1102
2782 1506
2782 1551
2782 1696
2782 2287
2782 2533
2782 2760
2782 2825
2782 3178
2783 488
2783 3099
2784 1
2785 84
2785 514
2785 571
2785 732
2785 788
2785 1270
2786 819
2786 2675
2787 514
2787 607
2788 2535
2789 2338
2790 122
2790 310
2790 713
2790 1259
2790 1650
2790 1757
2790 2165
2790 2592
2790 2890
2790 2902
2790 2903
2791 2409
2792 819
2793 109
2793 608
2794 701
2795 1427
2795 2233
2796 261
2796 604
2797 2777
2798 249
2798 1997
2798 2840
2798 3132
2799 166
2800 3209
2801 278
2801 1523
2801 2593
2802 161
2803 386
2803 2594
2804 2353
2805 2552
2805 2553
2805 3269
2806 675
2807 2006
2808 5
2808 2964
2809 3082
2810 871
2810 1050
2810 2009
2810 2709
2811 2069
2811 2296
2812 3129
2813 1924
2814 401
2814 788
2814 1146
2815 2111
2815 2443
2816 1846
2816 1923
2817 2537
2818 314
2818 1296
2818 1662
2818 2506
2818 2581
2818 2702
2819 417
2819 1232
2820 282
2821 44
2822 2953
2823 3057
2824 1778
2824 2070
2825 1052
2825 2287
2825 2671
2825 2782
2825 3178
2826 2245
2827 147
2827 1218
2827 2187
2827 2543
2828 329
2828 2391
2829 571
2829 626
2829 693
2829 788
2829 1776
2829 2003
2829 3122
2830 257
2830 1143
2830 1212
2830 1773
2831 2686
2831 3147
2832 339
2832 1638
2833 2833
2834 2834
2835 1426
2836 1033
2836 1662
2836 2099
2837 2868
2838 295
2838 654
2838 927
2838 1077
2838 1803
2838 2038
2838 2324
2838 2342
2838 2858
2839 789
2840 1197
2840 2798
2840 3132
2841 1058
2841 2515
2842 534
2842 1222
2842 1340
2842 2396
2842 2403
2842 2939
2842 3003
2843 849
2843 2361
2844 819
2844 1600
2845 723
2845 1183
2846 5
2846 744
2846 848
2846 1761
2846 2349
2846 2981
2846 3021
2846 3196
2846 3222
2846 3223
2847 388
2847 397
2847 402
2847 731
2847 973
2847 1134
2847 1243
2847 1285
2847 1364
2847 1549
2847 2048
2847 2070
2847 2237
2847 2265
2847 2668
2847 2874
2847 3117
2847 3237
2848 1424
2849 3123
2850 113
2851 2235
2852 51
2852 1199
2852 1493
2852 2852
2853 495
2853 940
2853 1446
2853 2160
2853 3138
2854 1578
2855 28
2855 222
2855 559
2855 889
2855 1153
2855 1243
2855 1956
2855 2780
2855 3145
2855 3260
2856 2856
2857 1140
2857 3275
2857 3277
2858 1077
2858 2434
2858 2509
2858 2838
2859 237
2860 1125
2860 1312
2860 1394
2860 1750
2861 99
2861 229
2861 1648
2861 2359
2862 87
2862 313
2862 1411
2862 2526
2863 3182
2864 1920
2864 2965
2865 1237
2866 1077
2866 3041
2867 322
2867 430
2868 2837
2869 194
2869 756
2870 548
2870 2729
2871 3023
2872 835
2873 247
2873 1566
2873 2238
2873 2712
2873 2986
2873 3128
2874 397
2874 501
2874 570
2874 829
2874 1364
2874 1759
2874 2266
2874 2407
2874 2461
2874 2487
2874 2847
2874 3117
2875 78
2875 136
2875 1155
2875 2132
2876 37
2876 222
2877 867
2877 982
2877 3188
2878 203
2878 521
2878 725
2878 1481
2878 1970
2878 1992
2879 2517
2880 2123
2880 2634
2880 2635
2881 1457
2882 2882
2883 1432
2883 3004
2884 1837
2884 2884
2885 1252
2885 1293
2886 1125
2886 1532
2886 2009
2886 3239
2887 125
2887 1166
2887 1564
2887 1860
2887 2934
2888 1744
2889 1934
2890 713
2890 2790
2891 2240
2892 1390
2893 2909
2894 705
2895 1511
2896 1216
2897 534
2897 1222
2897 1340
2897 2396
2897 2403
2897 2939
2897 3003
2898 3230
2899 645
2899 653
2899 1127
2899 3217
2900 2192
2901 836
2901 3024
2901 3150
2902 2165
2902 2790
2903 2790
2904 69
2904 452
2904 2179
2905 847
2905 1695
2905 2437
2905 3232
2906 3010
2907 1382
2907 1388
2908 380
2908 566
2908 1221
2909 1032
2909 2893
2910 33
2910 630
2910 855
2910 2168
2910 3199
2910 3246
2911 1911
2912 514
2912 1977
2912 3051
2913 836
2913 3096
2913 3261
2914 1208
2915 96
2915 583
2915 2367
2916 372
2916 1011
2916 2627
2917 164
2917 642
2917 1027
2918 2708
2919 1294
2919 2449
2920 931
2920 1223
2921 2054
2922 1560
2923 1818
2923 3309
2924 1682
2924 3141
2925 50
2925 140
2925 1274
2925 3224
2926 69
2927 1227
2927 3298
2928 3036
2928 3076
2929 876
2929 1404
2930 1803
2931 2931
2932 583
2932 921
2932 1052
2932 1542
2932 2367
2932 2950
2933 823
2934 1628
2934 2887
2934 3242
2935 665
2935 731
2935 1695
2935 2070
2935 2071
2935 2237
2935 3142
2936 2221
2937 1100
2937 2750
2937 2756
2938 417
2938 1979
2938 2411
2939 1222
2939 1340
2939 2396
2939 2842
2939 2897
2939 3025
2940 514
2940 1763
2941 2575
2941 3226
2942 1996
2942 3090
2943 2168
2944 2759
2945 2951
2945 3227
2946 414
2947 443
2948 1125
2948 2948
2949 2699
2949 2949
2950 2932
2951 409
2951 466
2951 590
2951 796
2951 2288
2951 2375
2951 2945
2951 3137
2952 1412
2952 1451
2953 2822
2954 258
2954 1883
2955 943
2956 1095
2956 1447
2956 1576
2956 2448
2956 2691
2957 1486
2957 1905
2957 2475
2957 2569
2958 300
2958 538
2958 904
2959 544
2959 3060
2960 30
2960 2983
2961 30
2961 264
2961 849
2961 1166
2961 2430
2961 2498
2962 1340
2962 2246
2962 2476
2963 801
2963 976
2964 1406
2964 2808
2965 794
2965 897
2965 1520
2965 1920
2965 2028
2965 2325
2965 2864
2966 1528
2967 1806
2967 2070
2968 3196
2969 2703
2970 3035
2971 319
2971 452
2971 1234
2971 2179
2972 851
2973 544
2974 1912
2974 2278
2975 446
2976 719
2976 3280
2977 592
2978 912
2979 1184
2979 2390
2980 661
2981 28
2981 50
2981 112
2981 213
2981 497
2981 744
2981 834
2981 856
2981 889
2981 1799
2981 1956
2981 2321
2981 2665
2981 2846
2981 3145
2981 3196
2981 3260
2982 12
2982 291
2982 1100
2982 2371
2982 2756
2983 125
2983 1860
2983 2960
2984 621
2984 1566
2984 2238
2984 3162
2985 1673
2985 2070
2985 2270
2985 2355
2985 2706
2986 349
2986 358
2986 364
2986 1764
2986 2873
2986 3028
2986 3140
2987 17
2988 137
2988 350
2988 1495
2989 397
2989 2070
2989 2407
2989 2669
2990 3119
2991 2247
2992 517
2992 1327
2992 1896
2993 397
2993 737
2993 1356
2993 2407
2993 3010
2993 3096
2993 3261
2993 3274
2994 601
2994 1522
2995 964
2995 1670
2995 2693
2996 1085
2996 1310
2996 2070
2997 537
2998 2998
2999 3192
3000 416
3001 1957
3001 3001
3002 449
3002 450
3003 1340
3003 2246
3003 2842
3003 2897
3004 1432
3004 2883
3005 1570
3006 1211
3007 2008
3008 2162
3008 2181
3009 623
3010 102
3010 1250
3010 1364
3010 2070
3010 2337
3010 2769
3010 2906
3010 2993
3011 388
3011 746
3011 1107
3011 3114
3011 3246
3012 699
3013 752
3013 816
3013 1347
3013 1910
3013 2706
3013 2750
3014 699
3015 1786
3015 3325
3016 1473
3016 1748
3017 126
3017 399
3017 1963
3018 1317
3018 1768
3019 3019
3020 1131
3021 2846
3022 242
3022 1735
3022 2363
3023 2871
3024 175
3024 738
3024 2132
3024 2189
3024 2901
3024 3095
3025 211
3025 2699
3025 2939
3026 2217
3027 1278
3027 1893
3028 10
3028 593
3028 1728
3028 2986
3029 3159
3030 191
3030 2632
3031 1854
3031 2073
3032 1626
3033 2327
3034 457
3034 2294
3035 462
3035 1345
3035 2129
3035 2970
3035 3170
3036 279
3036 571
3036 1773
3036 1819
3036 2170
3036 2928
3037 26
3037 261
3037 1339
3037 1986
3038 671
3039 154
3039 1419
3039 1459
3039 1701
3039 1725
3039 1797
3039 2037
3039 2252
3039 2322
3039 2672
3040 3040
3041 571
3041 2866
3042 1490
3043 203
3043 521
3043 597
3043 700
3043 776
3043 961
3043 1481
3043 1525
3043 1621
3043 1664
3043 1731
3043 1829
3043 1968
3043 1990
3043 2468
3043 2469
3043 2703
3043 2766
3043 3065
3043 3206
3043 3207
3044 2492
3045 456
3046 3260
3046 3286
3047 1202
3048 3112
3049 2043
3049 2102
3050 715
3051 514
3051 571
3051 884
3051 2912
3052 888
3053 609
3053 1680
3054 1020
3054 1516
3054 2580
3054 3302
3055 593
3055 1156
3055 1419
3055 2132
3055 2544
3055 2746
3055 3166
3056 730
3056 894
3056 1575
3057 359
3057 531
3057 584
3057 702
3057 761
3057 1038
3057 1230
3057 1281
3057 1627
3057 2747
3057 2823
3058 673
3058 1787
3058 3058
3058 3114
3059 148
3059 2643
3060 2171
3060 2959
3061 1259
3061 1685
3062 2348
3062 2578
3062 2657
3063 843
3063 1742
3063 1827
3064 2358
3065 2470
3065 3043
3066 2475
3067 259
3068 467
3068 1658
3069 2197
3070 1488
3071 1163
3072 575
3073 513
3073 635
3073 665
3073 834
3073 1665
3073 3150
3073 3179
3073 3224
3073 3260
3074 819
3075 872
3076 548
3076 1266
3076 2928
3077 240
3077 544
3077 1578
3077 2199
3077 2528
3078 697
3078 1695
3078 1788
3078 2070
3079 2044
3080 134
3081 2070
3082 410
3082 2809
3082 3176
3083 1889
3084 205
3084 898
3084 1391
3085 1159
3086 950
3086 1379
3087 1850
3087 3161
3088 50
3088 112
3088 213
3088 497
3088 834
3088 856
3088 889
3088 1799
3088 1956
3088 2321
3088 2665
3088 3145
3089 2179
3090 2942
3091 1872
3092 1873
3092 2630
3093 1985
3094 3213
3095 3024
3095 3150
3096 2913
3096 2993
3097 129
3098 419
3098 1535
3098 1746
3099 1371
3099 1659
3099 2783
3100 918
3100 1830
3100 2010
3101 417
3101 554
3101 1480
3101 2220
3101 2288
3102 289
3102 994
3102 1558
3102 1609
3102 1758
3102 2110
3102 2373
3102 2374
3102 2692
3102 3102
3103 50
3103 665
3103 834
3103 2020
3103 2070
3103 2237
3104 1834
3105 1755
3106 148
3106 288
3106 350
3106 1495
3107 391
3107 2452
3108 1343
3109 2070
3109 3246
3110 837
3110 1547
3111 371
3111 1243
3111 1285
3111 1414
3111 1695
3111 2070
3111 2732
3112 147
3112 401
3112 434
3112 1161
3112 1162
3112 1706
3112 2400
3112 3048
3113 1814
3114 746
3114 775
3114 1095
3114 1107
3114 1447
3114 1576
3114 2691
3114 3011
3114 3058
3114 3264
3115 536
3116 2005
3117 306
3117 501
3117 665
3117 973
3117 1435
3117 2266
3117 2847
3117 2874
3118 3118
3119 235
3119 2990
3120 264
3120 758
3120 1082
3120 1501
3121 264
3121 594
3122 35
3122 264
3122 565
3122 650
3122 929
3122 1371
3122 1490
3122 1724
3122 2030
3122 2425
3122 2829
3123 2849
3124 191
3124 867
3124 982
3124 1180
3125 430
3125 1228
3125 1236
3125 1272
3125 1927
3126 277
3126 1548
3127 1427
3127 2233
3128 2873
3129 2392
3129 2812
3130 332
3130 791
3130 1458
3130 1974
3130 2201
3130 2369
3130 3278
3131 209
3131 290
3131 1716
3131 2082
3132 971
3132 1197
3132 2014
3132 2798
3132 2840
3133 2371
3134 236
3134 674
3134 1148
3134 1213
3134 2219
3134 2393
3135 15
3135 619
3135 678
3135 738
3135 785
3135 799
3135 836
3135 846
3135 957
3135 2018
3135 2097
3135 3251
3136 15
3136 619
3136 799
3136 846
3136 2097
3137 99
3137 590
3137 796
3137 2951
3137 3227
3137 3265
3138 85
3138 495
3138 2036
3138 2853
3138 3138
3139 931
3139 1223
3140 2986
3141 781
3141 2924
3142 432
3142 593
3142 665
3142 673
3142 1364
3142 1674
3142 1698
3142 2070
3142 2237
3142 2259
3142 2935
3142 3260
3143 1870
3143 2027
3143 2197
3143 2743
3144 356
3144 559
3144 1799
3144 2665
3145 28
3145 222
3145 356
3145 559
3145 635
3145 1153
3145 2237
3145 2665
3145 2780
3145 2855
3145 2981
3145 3088
3146 356
3146 497
3146 856
3146 2665
3147 968
3147 1465
3147 2072
3147 2686
3147 2831
3148 5
3148 1350
3148 1465
3148 1825
3148 2072
3148 3149
3148 3196
3149 78
3149 154
3149 513
3149 920
3149 1319
3149 2062
3149 2063
3149 2254
3149 2365
3149 3148
3150 836
3150 960
3150 1319
3150 2070
3150 2579
3150 2901
3150 3073
3150 3095
3150 3166
3150 3179
3151 457
3151 2294
3152 1013
3153 957
3153 1346
3153 1364
3153 1386
3153 1476
3153 2018
3153 2070
3153 2229
3154 80
3154 558
3154 688
3154 884
3154 2155
3155 574
3155 2120
3156 289
3156 2007
3156 2515
3156 3243
3157 3158
3158 3157
3159 474
3159 795
3159 3029
3159 3291
3160 699
3160 964
3160 2137
3160 2693
3161 1850
3161 3087
3162 471
3162 621
3162 1018
3162 2300
3162 2984
3163 305
3163 356
3163 497
3163 578
3163 2011
3164 940
3165 1027
3165 1479
3165 2773
3166 589
3166 1243
3166 1347
3166 2207
3166 3055
3166 3150
3167 1067
3167 2288
3168 992
3169 54
3169 299
3170 767
3170 1532
3170 2311
3170 3035
3170 3250
3171 19
3171 145
3171 197
3171 594
3171 763
3171 1139
3171 1174
3171 1263
3171 1726
3171 1834
3171 2318
3171 2746
3172 0
3172 1790
3173 716
3173 818
3174 466
3174 914
3174 1269
3174 3174
3175 1883
3175 2493
3176 2426
3176 3082
3177 1593
3177 2671
3178 1052
3178 2287
3178 2782
3178 2825
3179 146
3179 347
3179 747
3179 834
3179 1674
3179 1856
3179 1899
3179 3073
3179 3150
3180 243
3180 2504
3181 827
3181 885
3181 1049
3181 2433
3182 511
3182 815
3182 1281
3182 1823
3182 2863
3183 208
3183 1026
3183 2153
3183 2362
3184 384
3184 790
3184 865
3184 1912
3185 553
3185 1155
3186 578
3186 3314
3187 530
3188 61
3188 276
3188 2877
3189 1438
3189 1666
3190 636
3191 206
3191 381
3191 792
3191 1480
3192 68
3192 524
3192 593
3192 731
3192 1243
3192 1413
3192 1680
3192 1726
3192 2070
3192 2329
3192 2663
3192 2687
3192 2750
3192 2999
3192 3233
3193 1668
3193 2061
3194 1095
3194 1576
3194 1656
3194 1712
3195 218
3195 2106
3196 5
3196 48
3196 140
3196 798
3196 1610
3196 2349
3196 2846
3196 2968
3196 2981
3196 3148
3197 1903
3198 1544
3198 1892
3198 2511
3199 256
3199 630
3199 929
3199 2168
3199 2406
3199 2910
3200 1528
3201 820
3201 1698
3202 2217
3203 709
3203 1655
3203 1851
3204 263
3205 438
3205 3205
3206 203
3206 3043
3207 425
3207 2389
3207 2776
3207 3043
3208 783
3208 808
3208 2261
3209 1126
3209 1400
3209 2294
3209 2800
3210 808
3210 2204
3210 2261
3211 75
3211 1348
3211 1452
3211 1480
3211 2288
3212 1366
3212 1506
3213 3094
3214 1439
3215 1831
3215 3216
3216 3215
3217 2899
3218 1419
3219 1693
3219 2480
3220 1445
3220 2482
3221 2114
3222 2846
3223 2846
3224 31
3224 513
3224 665
3224 834
3224 1115
3224 2925
3224 3073
3224 3260
3225 622
3225 1332
3225 1506
3225 1631
3225 2002
3226 772
3226 773
3226 2119
3226 2941
3227 409
3227 466
3227 590
3227 796
3227 2288
3227 2375
3227 2945
3227 3137
3228 393
3228 564
3228 2229
3229 2495
3230 2898
3231 344
3231 2070
3231 2299
3232 802
3232 810
3232 1334
3232 1747
3232 2070
3232 2314
3232 2437
3232 2557
3232 2669
3232 2905
3232 3238
3233 326
3233 1549
3233 2070
3233 3192
3234 2080
3234 3235
3235 3234
3236 1245
3237 2847
3238 1514
3238 2700
3238 3232
3239 111
3239 1032
3239 1258
3239 1781
3239 1878
3239 1982
3239 2241
3239 2435
3239 2886
3240 3241
3241 3240
3242 1628
3242 1860
3242 2934
3243 484
3243 1091
3243 1123
3243 1228
3243 1394
3243 1547
3243 1946
3243 2045
3243 2134
3243 2311
3243 2733
3243 3156
3244 1799
3245 292
3246 304
3246 1257
3246 1538
3246 1797
3246 2406
3246 2910
3246 3011
3246 3109
3246 3247
3246 3248
3247 3246
3248 3246
3249 2516
3250 1345
3250 3170
3251 619
3251 678
3251 2256
3251 3135
3252 283
3252 445
3253 1567
3253 2521
3254 2522
3255 1253
3255 2073
3255 2773
3256 1034
3257 1024
3257 1772
3258 819
3258 1872
3258 1915
3258 2652
3259 819
3259 1506
3259 1706
3259 1835
3260 28
3260 397
3260 513
3260 559
3260 1088
3260 1153
3260 1274
3260 1475
3260 1646
3260 1918
3260 1956
3260 2071
3260 2407
3260 2502
3260 2780
3260 2855
3260 2981
3260 3046
3260 3073
3260 3142
3260 3224
3261 1356
3261 2913
3261 2993
3262 2719
3263 270
3263 1823
3264 1456
3264 3114
3265 1117
3265 3137
3266 793
3266 1823
3266 2166
3267 1671
3267 2209
3268 608
3269 2552
3269 2805
3270 1916
3270 2481
3271 2559
3272 2559
3273 1823
3273 3307
3274 50
3274 1134
3274 2993
3275 514
3275 571
3275 732
3275 788
3275 819
3275 1506
3275 2747
3275 2857
3276 111
3276 838
3276 1258
3276 1781
3276 1878
3276 1982
3276 2435
3277 176
3277 1052
3277 1848
3277 2857
3278 3130
3279 1049
3280 1504
3280 2976
3281 1971
3282 1017
3282 1363
3282 1906
3282 1988
3283 1377
3284 720
3284 1279
3284 1703
3285 812
3285 2115
3285 2596
3286 2046
3286 3046
3287 1613
3288 1440
3288 1613
3289 481
3289 1470
3290 1636
3291 3159
3292 306
3293 306
3293 2215
3294 2225
3295 2035
3296 1049
3296 1791
3297 768
3298 1227
3298 2927
3299 73
3299 2178
3300 1677
3301 1794
3302 3054
3303 2032
3304 2710
3305 121
3305 1612
3306 217
3306 340
3306 599
3306 676
3306 1964
3306 2412
3307 381
3307 526
3307 792
3307 1008
3307 1461
3307 1480
3307 2409
3307 2762
3307 3273
3308 410
3308 754
3309 1818
3309 2923
3310 20
3310 1662
3310 2702
3311 685
3312 2636
3313 918
3313 2228
3314 3186
3315 1000
3315 2226
3316 1092
3316 1832
3316 2278
3317 1076
3318 378
3319 1634
3320 969
3321 703
3322 732
3323 514
3324 274
3325 3015
3326 2658
