2708 10556
0 336
1 231
2 854
2 1467
2 2190
2 2295
3 219
3 891
3 2614
3 2615
4 336
5 90
5 124
5 845
5 898
5 1392
6 70
6 363
6 1739
6 2405
7 365
7 2084
8 1137
8 1178
9 391
9 591
9 2561
10 103
10 643
10 768
10 787
10 853
11 429
11 1168
11 2512
12 859
13 633
13 1291
13 1519
13 2512
13 2545
14 915
14 1103
15 103
15 159
15 1431
15 1843
16 2234
17 246
17 266
17 575
17 1095
18 2017
18 2575
19 2486
20 1034
20 1537
21 1896
22 1068
22 1301
22 1401
22 1986
22 1987
23 103
23 2692
24 307
24 1125
24 1306
24 1409
24 1824
24 1966
24 1967
25 218
25 886
25 1057
25 2229
25 2485
26 727
26 2527
27 174
27 330
27 356
27 513
27 1004
27 1774
28 258
28 425
28 695
28 1692
29 808
30 236
30 487
30 689
30 2430
31 681
31 988
31 1862
31 2633
32 103
32 136
32 1255
33 1066
33 1589
33 1790
34 2313
35 1308
35 2126
35 2386
35 2452
36 147
36 454
36 965
37 470
37 582
37 633
37 1864
37 2512
38 89
38 494
38 904
38 1588
39 161
39 230
39 1138
39 2408
40 253
40 356
40 670
40 1798
41 291
41 1817
41 1939
42 103
42 181
42 275
42 301
42 856
42 870
42 936
42 966
42 1117
42 1518
42 1845
42 2082
42 2448
42 2460
42 2662
43 633
43 763
44 556
44 1659
44 2005
45 1343
45 1589
46 69
46 612
46 1034
46 1454
46 1565
46 1655
46 1890
46 1939
46 2014
46 2281
46 2372
46 2594
47 633
48 103
48 174
48 211
48 261
48 362
48 370
48 496
48 541
48 726
48 826
48 865
48 929
48 1004
48 1104
48 1171
48 1201
48 1295
48 1484
48 1554
48 1560
48 1656
48 1737
48 1752
48 1842
48 1859
48 1860
48 1861
48 2278
48 2532
48 2533
49 358
49 1219
49 1391
49 2543
50 59
50 267
50 281
50 835
50 2094
51 538
51 1622
51 1857
51 1925
52 118
52 551
52 1026
52 2620
53 464
53 953
53 1463
53 1921
53 2349
53 2566
54 73
54 888
54 938
55 969
55 2280
55 2480
55 2640
56 298
56 520
56 613
56 823
56 2013
56 2190
56 2436
57 565
57 1109
57 1713
58 61
58 178
58 249
58 265
58 382
58 384
58 386
58 508
58 630
58 1048
58 1106
58 1145
58 1169
58 1221
58 1487
58 1600
58 1691
58 1738
58 1765
58 1791
58 1819
58 1820
58 1874
58 2299
58 2359
58 2382
58 2476
58 2508
58 2554
58 2555
58 2650
59 50
60 565
60 668
60 739
60 750
60 1710
60 1896
60 2484
60 2566
61 58
61 265
61 1487
61 1695
61 1791
61 1915
61 2334
61 2427
62 358
62 366
62 398
62 619
62 713
62 739
62 750
62 824
62 954
62 1120
62 1616
62 2022
62 2023
62 2314
62 2344
62 2427
62 2489
63 1475
63 2344
64 1931
64 2093
65 873
65 2558
66 713
66 1062
66 1165
66 1460
66 1686
66 1783
66 1949
66 2062
67 103
67 451
68 1510
68 2555
69 46
69 1034
70 6
70 720
70 740
70 1768
70 2397
70 2398
70 2406
71 679
71 1021
71 2060
71 2648
72 646
72 1526
73 54
73 203
73 888
73 938
73 1428
73 1939
74 103
74 440
74 1630
74 2523
75 587
75 988
75 2553
76 165
76 569
76 1330
76 2091
76 2320
77 2047
77 2230
78 1062
78 1232
78 2331
79 433
80 1013
80 1034
80 1939
81 1718
81 1862
82 1604
82 1646
82 2386
83 1371
83 2290
84 139
84 494
84 610
84 1281
84 1992
85 633
85 1167
86 1373
87 627
87 1794
87 2011
87 2012
88 103
88 299
89 38
89 633
89 711
89 1311
90 5
90 316
90 320
90 814
90 1078
91 294
91 416
91 501
91 641
91 1724
91 2009
92 700
92 1156
93 1539
93 2427
94 2491
95 998
95 1428
96 923
96 931
96 1520
96 1768
97 1289
97 1567
97 1697
98 255
98 733
99 955
99 1056
99 1613
100 106
100 200
100 1915
101 105
101 108
101 190
101 207
101 408
101 429
101 629
101 661
101 1163
101 1606
101 1661
101 1984
101 2050
101 2051
102 177
102 1934
102 2283
103 10
103 15
103 23
103 32
103 42
103 48
103 67
103 74
103 88
103 129
103 136
103 147
103 198
103 244
103 261
103 293
103 308
103 321
103 325
103 326
103 344
103 349
103 361
103 368
103 379
103 400
103 422
103 432
103 451
103 484
103 504
103 510
103 511
103 517
103 542
103 566
103 593
103 606
103 618
103 636
103 643
103 656
103 696
103 708
103 726
103 733
103 746
103 762
103 765
103 785
103 804
103 820
103 828
103 831
103 850
103 859
103 882
103 890
103 901
103 952
103 973
103 982
103 996
103 999
103 1065
103 1076
103 1085
103 1104
103 1108
103 1121
103 1128
103 1142
103 1144
103 1164
103 1177
103 1191
103 1230
103 1234
103 1238
103 1255
103 1256
103 1289
103 1295
103 1296
103 1329
103 1331
103 1334
103 1339
103 1394
103 1436
103 1451
103 1452
103 1453
103 1460
103 1473
103 1475
103 1479
103 1493
103 1499
103 1502
103 1521
103 1567
103 1623
103 1624
103 1630
103 1702
103 1735
103 1737
103 1746
103 1773
103 1780
103 1796
103 1830
103 1831
103 1832
103 1833
103 1834
103 1835
103 1836
103 1837
103 1838
103 1839
103 1840
103 1841
103 1842
103 1843
103 1844
103 1845
103 1846
103 1847
103 1848
103 1849
103 1850
103 1851
103 2151
103 2218
103 2219
103 2225
103 2239
103 2242
103 2253
103 2347
103 2362
103 2365
103 2375
103 2383
103 2387
103 2394
103 2409
103 2415
103 2431
103 2433
103 2442
103 2443
103 2460
103 2483
103 2492
103 2493
103 2514
103 2515
103 2516
103 2517
103 2518
103 2519
103 2520
103 2521
103 2522
103 2523
104 407
104 1424
105 101
105 429
105 1984
106 100
106 1307
106 1311
107 2442
108 101
108 429
108 837
109 1268
109 2143
109 2490
110 804
110 900
110 1350
110 1737
111 353
111 405
111 1225
111 1592
111 1729
111 2058
112 444
112 878
112 988
112 1516
112 2280
113 975
113 1026
114 903
114 1344
115 227
115 254
115 467
115 2139
115 2340
116 1068
116 1366
117 359
117 1266
117 1557
117 1939
117 2280
118 52
118 152
118 975
118 1724
118 1761
118 2416
118 2620
119 1547
119 2670
120 343
120 648
120 691
120 836
120 972
120 1199
120 1948
120 2705
121 1436
121 1437
121 1867
122 333
122 917
122 1025
122 1470
122 2231
122 2275
122 2542
122 2683
123 441
124 5
124 2040
125 333
125 1481
125 2054
125 2417
126 471
126 2013
127 355
127 767
127 1112
128 2121
128 2140
129 103
129 244
129 1630
129 1994
130 2598
131 1210
132 1093
132 1894
133 530
133 1200
133 2374
133 2445
133 2597
134 513
134 635
134 670
134 1004
134 2232
135 396
135 713
135 942
135 1689
135 1812
135 2356
136 32
136 103
136 708
136 1255
137 1654
137 1982
137 1983
137 2404
137 2475
138 2512
139 84
140 944
141 1290
141 2465
142 2313
142 2320
143 460
143 800
143 1000
143 2114
143 2149
144 359
144 633
144 1089
144 1862
144 1939
145 327
146 1056
146 1125
146 1759
146 2071
147 36
147 103
147 643
147 787
147 2353
148 202
148 713
148 2654
149 487
149 2430
150 401
150 798
150 1742
150 2381
151 481
151 1369
152 118
152 975
152 1026
152 1724
152 2078
153 430
153 971
153 2623
154 681
154 928
154 2633
155 513
155 1004
155 1856
156 1319
156 1862
156 1863
157 318
157 513
157 911
157 922
157 1032
157 1434
158 647
158 923
158 1768
159 15
159 261
160 170
160 689
160 2410
160 2595
161 39
161 230
161 913
161 1138
161 1509
161 1971
161 2408
162 1831
163 238
163 725
163 1048
163 1061
163 1078
163 1600
163 1817
163 1896
163 2224
163 2634
164 174
164 356
164 513
164 1004
164 1377
164 2233
165 76
165 1372
165 2091
165 2320
166 1899
167 800
167 1429
168 1979
168 2572
169 1597
169 1671
169 1749
169 1978
169 2454
170 160
170 543
170 689
170 1465
170 1939
170 2410
170 2592
170 2593
171 186
171 2491
172 744
172 1236
172 1437
172 1531
172 1692
172 2550
173 535
173 685
173 896
173 1209
173 2325
174 27
174 48
174 164
174 330
174 356
174 374
174 1004
174 1094
174 1783
174 1949
174 2233
175 279
175 1004
175 1395
175 1675
175 2655
176 469
177 102
177 233
177 892
177 898
178 58
178 2287
178 2664
179 1100
179 1950
179 2383
180 208
180 572
180 1037
180 1851
181 42
181 387
181 937
181 1518
182 657
182 660
182 2226
183 1658
183 1817
183 1898
183 1939
184 521
184 1249
185 795
185 2116
186 171
186 450
186 2325
186 2405
187 1062
187 1152
187 1182
187 2326
188 1232
188 1704
188 2037
188 2580
189 424
189 461
189 1862
189 2506
190 101
190 408
190 429
190 837
190 1606
191 290
192 2088
192 2677
193 557
193 2214
194 684
194 1654
194 1983
194 2211
194 2309
195 1145
195 1390
196 944
197 273
197 895
197 1052
198 103
198 633
198 1352
199 1006
199 1398
199 2091
200 100
200 1150
201 530
201 1200
201 2374
201 2445
202 148
202 619
202 1062
202 1241
202 1764
202 1812
202 1919
202 2356
202 2564
202 2654
203 73
203 357
203 757
203 821
203 1428
203 1491
203 1908
203 2379
203 2393
203 2506
204 426
204 879
204 1603
204 1716
204 1917
204 1962
204 2652
205 2041
205 2218
206 510
206 653
206 964
206 1119
206 1295
206 2131
206 2678
207 101
207 2051
208 180
208 246
208 439
208 1140
208 1701
208 1843
208 2178
209 280
209 1253
210 474
210 906
211 48
211 325
211 1004
211 1842
211 2084
212 1322
212 2282
213 2234
213 2317
213 2631
214 602
215 1185
216 1757
216 2150
217 1268
218 25
218 392
218 864
218 1434
218 1708
218 2485
219 3
219 2613
219 2674
220 375
220 1067
220 1460
220 2615
221 290
221 430
221 751
222 508
222 2664
223 266
223 359
223 1843
224 2624
225 308
225 1213
225 1452
226 1143
226 1438
226 2322
227 115
227 2340
227 2682
228 1601
228 1713
228 1812
228 2572
229 1955
229 2221
230 39
230 161
230 2408
231 1
231 1627
232 690
232 1371
233 177
233 472
233 892
234 597
235 634
235 2363
236 30
236 2592
237 908
237 1834
238 163
238 1817
238 1939
239 726
239 912
239 1546
239 1895
239 2538
240 952
241 529
241 624
241 902
241 1354
242 356
242 2257
243 1186
243 1601
243 1898
243 1978
243 2218
244 103
244 129
244 692
244 1630
244 2096
245 1573
246 17
246 208
246 293
246 572
246 1037
246 2394
247 915
247 1166
247 2346
248 1072
248 1133
248 2580
248 2581
248 2650
249 58
249 386
249 942
249 1074
249 1145
249 2382
249 2650
250 258
250 2550
251 1175
252 1896
253 40
253 1925
254 115
254 287
255 98
255 282
255 407
255 674
255 948
255 1277
255 2412
255 2667
255 2689
256 645
256 2252
257 951
257 1080
257 1139
257 1589
257 1664
257 1993
258 28
258 250
258 809
258 1891
258 1895
258 2018
258 2351
258 2687
259 298
259 471
259 2013
259 2190
259 2436
260 333
260 1609
261 48
261 103
261 159
261 299
261 510
261 675
261 726
261 849
261 1144
261 1164
261 1840
261 1842
261 2151
261 2469
261 2515
261 2657
262 747
262 1314
263 2278
263 2667
264 2383
265 58
265 61
265 959
265 1487
265 1695
265 2427
266 17
266 223
266 634
266 1164
266 1166
266 2239
266 2377
267 50
267 2094
268 822
268 1571
269 631
269 1026
269 1607
269 1789
269 2228
270 1242
270 1668
271 1006
271 2021
271 2091
272 765
273 197
273 337
273 381
273 434
273 633
273 718
273 747
273 895
273 910
273 1136
273 1415
273 1964
273 1965
273 2229
273 2280
273 2648
274 633
274 786
274 1266
274 1922
275 42
275 387
275 936
275 937
275 1518
276 2063
276 2280
277 610
277 739
277 2427
277 2572
278 462
278 817
278 1910
278 2355
279 175
279 350
279 1764
279 2655
280 209
280 526
280 1319
280 1906
280 2558
281 50
281 906
281 2094
282 255
282 1939
283 510
283 2242
283 2605
284 1762
284 2095
284 2248
285 600
285 1843
286 649
286 729
286 1016
286 1135
286 1592
287 254
288 469
288 880
288 1471
288 1937
289 541
289 1656
290 191
290 221
290 1971
290 2288
291 41
291 294
291 397
291 501
291 537
291 625
291 725
291 975
291 977
291 1055
291 1203
291 1649
291 1694
291 1913
291 1914
291 2562
291 2620
292 570
292 962
292 1178
293 103
293 246
293 831
293 2049
294 91
294 291
295 527
295 558
295 987
295 1300
295 1461
295 1938
296 2224
296 2263
297 497
297 1125
297 2317
297 2631
298 56
298 259
298 471
298 613
298 2013
298 2436
299 88
299 261
299 1630
299 2128
300 915
300 1177
300 1626
300 1656
300 2019
301 42
301 2367
302 358
302 1131
302 1354
302 1786
302 1993
302 2289
302 2524
302 2644
303 1961
303 2549
304 713
304 1898
305 923
305 1523
305 1634
305 1635
305 1768
306 2236
306 2548
307 24
307 1967
307 1986
308 103
308 225
308 746
308 1830
308 2049
309 454
309 787
309 1173
310 787
310 1107
311 984
312 963
312 1027
312 1086
312 1232
312 1470
312 2463
313 679
313 961
314 913
314 1509
315 1043
315 1291
315 2066
316 90
316 699
316 713
316 1162
316 2543
316 2633
317 843
318 157
318 417
318 635
318 727
318 1004
318 1239
318 1440
318 1827
318 1857
318 1859
318 1935
318 2363
319 328
319 464
319 953
319 1933
319 1934
319 2224
319 2368
320 90
320 482
320 506
320 554
320 1182
320 1731
320 2487
321 103
321 510
321 572
321 775
321 1342
322 378
323 422
323 2679
324 547
324 1521
324 1734
324 2512
325 103
325 211
325 510
325 1331
325 2606
326 103
326 618
326 1796
327 145
327 1110
327 1379
328 319
328 494
328 1934
328 2427
329 876
329 1100
329 1327
329 1633
329 2111
330 27
330 174
330 826
331 482
331 1096
331 2582
332 1739
332 1860
333 122
333 125
333 260
333 580
333 736
333 819
333 905
333 1082
333 1219
333 1232
333 1249
333 1401
333 1589
333 1615
333 1766
333 1932
333 1942
334 336
334 654
334 1695
335 633
335 988
335 2027
336 0
336 4
336 334
336 453
336 490
336 573
336 707
336 909
336 1049
336 1214
336 1294
336 1341
336 1476
336 1826
336 1829
336 1910
336 1911
336 2287
336 2304
336 2411
336 2559
336 2627
336 2628
337 273
337 704
338 830
338 975
338 1513
338 1613
338 2546
339 389
339 698
339 839
339 920
339 1227
339 1356
339 2405
340 376
340 476
340 2145
341 633
341 2512
342 1182
343 120
343 1004
343 1283
344 103
344 593
344 901
344 1155
344 1654
344 1982
344 2211
345 1375
345 1874
345 2277
345 2500
346 1000
346 1963
346 2114
347 1846
348 781
348 930
349 103
349 1218
349 2519
350 279
350 726
351 896
351 1136
351 2591
351 2620
352 475
352 1370
352 2180
353 111
353 405
353 1679
353 2194
354 1412
355 127
355 2045
355 2274
356 27
356 40
356 164
356 174
356 242
356 374
356 466
356 557
356 582
356 588
356 639
356 727
356 929
356 1004
356 1018
356 1042
356 1062
356 1090
356 1130
356 1159
356 1165
356 1166
356 1321
356 1331
356 1456
356 1725
356 1854
356 1935
356 1940
356 2233
356 2261
356 2528
357 203
357 679
357 1908
358 49
358 62
358 302
358 1131
358 1589
358 1616
358 1713
358 1756
358 2314
359 117
359 144
359 223
359 1283
359 1862
359 2030
359 2350
359 2535
359 2617
360 1182
361 103
361 831
361 2409
362 48
362 749
362 868
362 1004
362 1683
363 6
363 393
364 1201
365 7
365 980
365 1834
365 2341
366 62
366 1461
366 2500
367 702
367 2415
368 103
369 1096
369 2553
369 2649
370 48
370 1224
370 1333
370 1441
371 1858
371 2501
372 555
372 1027
373 2511
374 174
374 356
374 967
374 1004
374 1940
375 220
375 665
375 891
375 1067
376 340
376 410
376 2512
377 1150
378 322
378 808
379 103
379 440
379 1630
379 2523
380 824
380 1020
380 1073
380 1434
380 1596
381 273
381 605
381 2511
382 58
382 879
382 1221
382 1689
382 2505
383 866
383 961
383 1424
383 2512
384 58
384 1695
384 1915
384 2427
385 2694
386 58
386 249
386 945
386 1145
387 181
387 275
387 702
387 870
387 2082
387 2377
388 2092
389 339
389 920
389 1998
390 1578
390 2105
390 2230
391 9
391 591
391 1034
391 1184
392 218
392 1092
392 2054
392 2055
392 2668
393 363
393 1739
394 516
395 593
395 1296
395 1573
395 2216
396 135
396 1074
396 1229
397 291
397 501
397 977
397 2561
398 62
398 2334
399 1466
400 103
400 617
400 843
400 1230
400 1256
400 1841
400 2522
401 150
402 740
402 1319
403 557
403 1088
403 1165
403 2260
403 2261
404 595
404 2123
405 111
405 353
405 678
405 758
405 1203
405 1757
405 1762
406 676
406 1570
407 104
407 255
407 2667
408 101
408 190
408 413
408 661
408 1606
408 1661
409 547
409 619
409 713
409 1305
410 376
410 2512
411 459
411 537
411 1715
412 437
412 774
412 1465
412 2506
413 408
413 1661
414 1816
415 654
415 2222
415 2224
416 91
416 599
416 975
416 1607
416 1706
416 2228
416 2700
417 318
417 727
417 1004
417 1032
417 1855
417 1857
417 1861
417 2233
418 1162
418 2559
419 511
420 513
420 680
420 2035
421 622
421 2329
422 103
422 323
422 973
422 2679
423 518
423 896
423 1209
423 1420
423 1578
424 189
424 713
424 1710
424 1812
424 1862
424 1969
425 28
425 1692
425 2551
426 204
426 701
426 714
426 879
426 1705
426 2652
427 797
427 1141
428 1990
428 2263
428 2287
429 11
429 101
429 105
429 108
429 190
429 1163
429 1606
430 153
430 221
430 2403
431 1134
432 103
432 1350
432 1459
432 1711
432 1737
432 2342
432 2385
432 2589
432 2663
433 79
433 1099
433 2247
433 2698
434 273
434 2280
435 1304
436 744
436 817
437 412
437 774
437 1465
437 1610
437 2108
437 2512
438 995
438 2427
438 2603
439 208
439 2083
439 2178
440 74
440 379
440 449
440 504
440 831
440 941
440 1001
440 1453
440 1493
440 2443
440 2616
441 123
441 1073
442 1209
442 1283
443 1898
444 112
444 664
444 796
444 988
444 1356
444 1516
445 1004
445 1007
445 1859
446 2205
446 2559
447 1374
447 1938
447 2573
448 1168
449 440
449 1339
450 186
450 1091
450 1248
450 1956
450 2037
450 2600
451 67
451 103
452 2512
453 336
453 1341
453 1353
454 36
454 309
454 643
454 950
454 1535
454 1842
454 2533
455 1177
455 2346
456 1210
456 2396
457 1020
457 2053
457 2054
457 2417
458 812
458 923
459 411
459 537
459 1715
460 143
460 1694
460 1922
460 2012
460 2114
461 189
461 869
461 2024
462 278
462 497
462 817
462 2355
463 1162
463 1922
464 53
464 319
464 506
464 2438
464 2487
465 1392
465 1463
465 1742
465 1921
465 2381
466 356
466 1090
466 1321
466 2233
466 2512
467 115
467 2547
468 1718
468 2420
469 176
469 288
469 880
469 889
469 1458
469 1471
469 1651
469 1911
469 2578
470 37
470 830
470 1113
470 1178
470 1560
471 126
471 259
471 298
471 1046
471 2014
471 2058
471 2456
472 233
472 830
472 847
472 1178
472 1887
472 1911
473 1358
474 210
474 1102
475 352
476 340
476 1540
476 2145
476 2512
477 527
477 638
477 1093
477 2504
478 544
478 968
478 1639
478 2517
478 2582
479 964
479 1760
480 786
480 934
480 1424
481 151
481 851
481 1086
481 1369
481 1758
482 320
482 331
482 491
482 554
482 556
482 564
482 607
482 654
482 712
482 789
482 814
482 996
482 1071
482 1096
482 1182
482 1223
482 1247
482 1259
482 1392
482 1512
482 1814
482 1831
482 1927
482 1928
482 1929
482 1930
482 1931
482 1985
482 2258
482 2343
482 2484
482 2517
482 2549
482 2569
482 2570
482 2652
483 964
483 1760
484 103
484 618
484 2069
485 1260
485 1424
485 2479
485 2707
486 633
486 1637
487 30
487 149
487 689
488 633
488 2145
489 812
489 2424
490 336
490 1353
490 2018
491 482
491 1062
491 1182
492 561
492 756
493 1589
494 38
494 84
494 328
495 1074
496 48
496 1895
496 2332
497 297
497 462
498 1915
498 2334
499 2447
500 906
500 1426
501 91
501 291
501 397
501 625
501 977
501 1203
501 1649
501 1694
501 1914
501 2620
502 1103
502 1175
502 1745
502 2043
502 2044
502 2511
502 2685
503 1047
503 1456
503 1856
503 2036
504 103
504 440
504 1630
504 2523
505 1640
505 2657
506 320
506 464
506 2487
506 2645
507 1060
508 58
508 222
509 1157
509 2222
509 2462
510 103
510 206
510 261
510 283
510 321
510 325
510 577
510 593
510 775
510 787
510 964
510 1162
510 2052
510 2242
510 2254
511 103
511 419
512 660
512 988
512 2124
513 27
513 134
513 155
513 157
513 164
513 420
513 557
513 570
513 611
513 639
513 640
513 727
513 737
513 764
513 776
513 834
513 852
513 911
513 929
513 1035
513 1239
513 1377
513 1442
513 1525
513 1533
513 1563
513 1778
513 1779
513 1852
513 1853
513 1854
513 1855
513 1856
513 1857
513 2262
513 2273
513 2286
513 2308
513 2312
513 2524
513 2525
513 2526
514 830
514 1178
514 1350
514 1371
514 2033
515 579
515 2594
516 394
516 1062
517 103
517 634
517 859
517 1095
517 1164
517 1404
517 1524
517 2083
518 423
518 896
518 1209
519 706
519 1242
519 2417
520 56
520 2013
520 2190
520 2436
521 184
521 1301
521 1615
522 1024
522 1079
522 1201
522 1712
522 2018
522 2647
523 633
523 738
523 1326
523 1944
523 1945
524 907
524 1326
524 1944
525 1482
525 2514
526 280
526 721
526 873
526 1319
526 1907
526 2439
527 295
527 477
527 638
527 2573
528 1282
528 2248
529 241
529 1752
529 1856
529 2221
529 2686
530 133
530 201
530 2435
531 854
531 2190
531 2192
532 1309
532 2304
532 2697
533 1423
533 1992
534 767
534 1112
534 1532
535 173
536 1162
536 1610
536 2108
537 291
537 411
537 459
537 539
537 975
537 2487
537 2645
538 51
538 2283
538 2368
539 537
539 1578
539 1683
540 2397
540 2558
540 2704
541 48
541 289
541 1063
541 1656
542 103
542 572
542 1037
542 1164
542 1473
542 1843
542 1851
542 2523
543 170
543 689
543 2410
543 2592
543 2593
544 478
544 890
544 1836
545 705
545 1099
545 1393
545 1750
545 2559
545 2612
546 2063
546 2280
546 2380
547 324
547 409
547 806
547 1011
547 1290
547 1624
547 1734
547 1812
547 1939
547 1963
547 2303
547 2396
547 2465
547 2590
548 1557
548 1939
548 2499
548 2512
549 640
549 1004
549 2221
550 812
550 1098
550 1523
550 1768
550 1901
550 1904
550 1905
550 2249
550 2669
551 52
551 2228
552 1232
552 1786
552 1993
553 2361
553 2569
554 320
554 482
554 670
554 1096
554 1182
555 372
555 963
556 44
556 482
556 1182
556 1659
556 1916
556 1969
556 1985
557 193
557 356
557 403
557 513
557 929
557 1354
557 1855
557 2233
557 2286
558 295
558 987
559 633
559 1030
559 1036
559 1474
559 2307
559 2343
559 2568
560 869
560 1557
560 1862
561 492
562 1007
562 1548
562 1596
562 2501
562 2632
563 1511
563 1691
564 482
564 712
564 1182
564 1259
564 2553
564 2652
565 57
565 60
565 1896
565 1898
565 2577
566 103
566 831
566 1846
567 1553
567 2436
568 614
569 76
569 1330
569 2228
569 2416
570 292
570 513
570 737
570 962
570 1725
570 1779
570 1882
570 2233
571 807
571 1511
571 2476
572 180
572 246
572 321
572 542
572 1843
572 2213
573 336
574 1842
574 2084
575 17
575 964
575 1575
575 1843
576 1748
576 2402
577 510
577 2242
577 2605
578 1248
578 1956
578 2600
579 515
579 2592
579 2593
579 2666
580 333
580 1401
581 1319
581 2512
581 2558
582 37
582 356
582 766
582 1044
582 1130
582 1865
582 2352
583 831
583 2409
584 1096
584 2553
584 2649
585 1560
585 2427
586 1086
586 1387
586 2629
587 75
587 648
587 836
587 2705
588 356
588 633
588 2512
589 633
589 751
589 1862
589 2245
589 2452
589 2693
590 899
590 988
590 1345
591 9
591 391
591 1184
592 935
592 1871
592 2345
592 2497
592 2541
593 103
593 344
593 395
593 510
593 1149
593 1289
593 1453
593 2096
594 2304
595 404
595 977
595 1592
596 1846
596 2227
596 2409
596 2523
597 234
597 841
597 1763
597 1772
597 1894
597 2271
598 1119
598 1737
598 2678
599 416
599 1706
600 285
600 1164
601 1950
601 2084
602 214
602 906
602 1426
603 1798
603 2232
603 2333
604 812
604 923
604 1768
605 381
605 718
605 1415
605 1862
605 2325
606 103
606 1119
606 1342
606 2678
607 482
607 1096
608 1200
608 2445
609 1424
610 84
610 277
610 1062
610 1788
610 2572
611 513
611 932
611 967
611 1004
612 46
612 1266
612 1939
613 56
613 298
613 777
613 1252
613 2014
613 2123
613 2436
614 568
614 633
614 2567
615 2512
616 1371
616 1763
617 400
617 1256
618 103
618 326
618 484
618 1571
618 1796
618 2409
618 2663
619 62
619 202
619 409
619 666
619 1347
619 1710
619 2279
620 1927
621 730
621 899
622 421
622 2329
623 815
623 1207
623 1936
623 2142
624 241
624 1004
624 1752
624 1955
625 291
625 501
625 977
626 1437
626 1674
626 1675
627 87
627 1052
627 1750
627 2010
627 2011
628 904
628 1366
628 2007
628 2275
628 2497
629 101
629 837
629 1873
630 58
630 1689
630 2457
631 269
631 1607
631 1761
632 914
632 1122
633 13
633 37
633 43
633 47
633 85
633 89
633 144
633 198
633 273
633 274
633 335
633 341
633 486
633 488
633 523
633 559
633 588
633 589
633 614
633 650
633 660
633 710
633 747
633 781
633 782
633 810
633 842
633 866
633 895
633 989
633 1036
633 1043
633 1084
633 1143
633 1165
633 1174
633 1254
633 1352
633 1446
633 1474
633 1492
633 1529
633 1559
633 1618
633 1624
633 1720
633 1728
633 1830
633 1883
633 1884
633 1922
633 1923
633 1924
633 1925
633 1926
633 2243
633 2269
633 2292
633 2329
633 2343
633 2392
633 2491
633 2513
633 2567
633 2568
634 235
634 266
634 517
634 859
634 1095
635 134
635 318
635 932
635 1004
635 1007
635 1045
635 1239
635 1440
635 1674
635 1853
636 103
636 746
636 1339
636 2049
636 2213
637 1560
638 477
638 527
638 987
638 1374
638 1686
638 2504
639 356
639 513
639 911
639 1004
639 1442
639 1533
639 2214
639 2232
640 513
640 549
640 1004
640 1041
640 1115
640 1358
640 1856
640 1857
640 1952
640 2259
640 2261
640 2323
640 2525
640 2585
641 91
641 918
641 975
641 2620
641 2700
642 1014
642 1768
642 2579
643 10
643 103
643 147
643 454
643 768
643 853
643 890
643 1144
643 1644
643 1847
643 2285
643 2365
644 1114
644 2587
645 256
645 860
646 72
647 158
647 812
647 923
647 1768
647 1900
647 1903
647 1904
648 120
648 587
648 660
648 972
648 1948
648 2705
649 286
649 729
650 633
650 1896
651 744
651 1663
651 2560
652 1319
652 1862
652 2558
653 206
653 1835
653 1842
654 334
654 415
654 482
654 803
654 1182
654 1515
654 1816
654 2663
655 827
655 1579
655 2474
656 103
656 2409
657 182
657 869
657 2453
657 2634
658 699
659 1637
660 182
660 512
660 633
660 648
660 988
660 2705
661 101
661 408
661 1606
661 1661
662 1174
663 1463
663 1731
664 444
664 1516
664 2280
664 2364
665 375
665 891
665 1364
666 619
666 2634
667 1686
668 60
668 1219
668 1483
668 2224
669 719
669 767
669 2274
670 40
670 134
670 554
670 1347
670 1925
670 2649
671 981
671 1341
671 1353
671 1712
671 2018
672 1227
673 687
673 2512
674 255
675 261
676 406
676 680
676 1570
677 678
677 770
677 1062
677 1963
677 2512
678 405
678 677
678 2046
678 2047
678 2230
679 71
679 313
679 357
679 757
679 1021
679 1424
679 2336
679 2393
679 2576
680 420
680 676
680 935
680 1570
681 31
681 154
681 801
681 1148
681 2633
682 899
682 1502
682 1862
682 2442
683 1147
683 1175
683 2241
683 2478
683 2511
684 194
684 1654
684 1983
685 173
685 1209
685 1939
685 2591
686 1014
686 1733
686 2579
686 2591
687 673
687 992
687 1604
688 1093
688 1772
688 1894
689 30
689 160
689 170
689 487
689 543
689 810
689 872
689 2410
689 2430
689 2592
689 2593
689 2594
689 2595
690 232
690 1371
691 120
691 1266
691 2240
692 244
692 1671
692 1750
692 1871
692 2559
692 2612
693 1424
693 2512
694 2021
695 28
695 1692
695 1895
696 103
696 1255
696 1848
697 740
697 992
697 1625
697 2120
697 2512
698 339
698 2047
699 316
699 658
699 1219
699 1427
699 1525
699 1533
699 1645
699 1662
699 1932
699 1986
699 2068
699 2458
699 2521
700 92
700 2013
701 426
701 714
701 1497
701 1748
701 2005
701 2652
702 367
702 387
702 1296
702 2377
702 2415
703 1436
703 1819
703 2691
704 337
705 545
705 2491
705 2643
706 519
706 1242
706 2417
707 336
708 103
708 136
708 1255
709 2090
709 2282
710 633
711 89
711 1182
712 482
712 564
712 898
712 1123
712 1931
712 2224
713 62
713 66
713 135
713 148
713 304
713 316
713 409
713 424
713 848
713 1125
713 1506
713 1619
713 1747
713 1764
713 1812
713 2020
713 2283
713 2301
713 2427
713 2608
713 2630
714 426
714 701
714 1748
714 2339
714 2652
715 778
715 1039
715 1494
715 2531
716 2334
716 2552
716 2676
717 1434
717 1538
717 1858
717 2054
718 273
718 605
718 2511
719 669
719 767
719 1112
720 70
720 1768
720 1905
720 2512
720 2558
721 526
721 1319
721 2439
721 2558
722 901
723 1471
724 975
724 1153
724 2078
724 2079
725 163
725 291
725 1896
725 2561
725 2577
726 48
726 103
726 239
726 261
726 350
726 1468
726 2477
727 26
727 318
727 356
727 417
727 513
727 1004
727 1857
727 2233
728 1803
728 1827
729 286
729 649
729 1592
730 621
730 1986
731 975
731 2023
732 1236
732 1811
733 98
733 103
733 952
734 2290
735 1245
736 333
736 1158
737 513
737 570
737 1004
737 1395
737 1725
738 523
738 1304
738 1308
739 60
739 62
739 277
739 1228
739 1812
740 70
740 402
740 697
740 1564
740 2498
741 793
741 833
741 1075
741 2464
742 2290
742 2646
743 1395
743 1672
743 2378
744 172
744 436
744 651
744 1663
744 1912
744 2236
744 2271
744 2560
745 1308
745 1671
745 1926
746 103
746 308
746 636
746 1076
746 2128
747 262
747 273
747 633
747 1328
747 1965
748 1862
748 1866
749 362
749 1004
750 60
750 62
750 1898
750 2659
751 221
751 589
751 2452
752 798
752 855
752 1307
752 1316
753 2103
753 2500
754 1459
754 1737
754 2518
754 2663
755 1939
755 2256
756 492
756 858
756 1410
756 1937
756 2419
757 203
757 679
757 1491
758 405
758 2561
759 942
759 2294
760 1062
760 1875
760 2233
760 2287
761 873
761 1319
761 2444
762 103
762 973
762 2523
763 43
763 2425
764 513
764 1004
764 1118
764 1925
764 2221
765 103
765 272
765 1104
765 1472
765 1577
765 1806
765 1954
766 582
766 2586
767 127
767 534
767 669
767 719
767 872
767 875
767 1112
767 1167
767 1532
767 2045
767 2245
767 2274
768 10
768 643
768 1828
768 2365
768 2684
769 1236
769 1811
770 677
770 1963
770 2512
771 1004
771 1859
771 2152
772 1252
772 2270
773 988
773 1862
774 412
774 437
774 1465
775 321
775 510
775 787
775 1424
775 1719
775 2052
776 513
776 932
777 613
777 1252
777 2123
778 715
778 2025
778 2531
779 1833
780 1556
781 348
781 633
781 930
782 633
782 1688
782 2066
783 896
783 1020
783 1209
783 1534
783 2054
783 2591
784 811
784 2664
785 103
785 2523
786 274
786 480
786 934
786 1424
786 1537
786 1597
786 1669
786 1865
786 1881
786 2238
787 10
787 147
787 309
787 310
787 510
787 775
787 853
787 965
787 1162
787 2052
787 2254
788 1096
788 2553
788 2649
789 482
789 1022
789 1030
789 1414
790 2285
790 2692
791 1416
791 1497
791 2005
791 2006
792 1601
792 2218
793 741
793 2510
794 1634
794 1635
795 185
795 1518
796 444
796 801
796 899
796 988
796 1318
796 2272
797 427
797 1157
797 1959
797 2359
798 150
798 752
798 2427
799 1205
799 1424
799 2512
799 2597
799 2598
800 143
800 167
800 1323
800 1727
801 681
801 796
801 2633
802 1100
802 1950
802 2383
802 2605
803 654
803 807
804 103
804 110
804 1336
804 1737
804 2342
804 2663
805 927
805 1062
806 547
806 1963
807 571
807 803
807 1691
808 29
808 378
808 1036
809 258
809 2099
810 633
810 689
810 1757
810 2015
811 784
811 2664
812 458
812 489
812 550
812 604
812 647
812 883
812 923
812 1098
812 1210
812 1299
812 1634
812 1901
812 1903
812 1904
812 1905
812 2249
812 2424
812 2669
813 2006
814 90
814 482
814 2596
815 623
815 1021
815 1207
815 1402
815 2048
815 2617
816 845
816 1600
816 1898
816 2314
817 278
817 436
817 462
817 1447
817 1910
817 2355
817 2418
817 2618
818 1638
818 2369
819 333
819 1589
819 1790
819 2610
820 103
820 1327
821 203
821 1908
821 2115
822 268
822 1571
823 56
823 2295
823 2436
824 62
824 380
824 1073
824 1578
824 1802
824 2625
825 1371
825 1458
826 48
826 330
826 1004
827 655
827 1162
828 103
828 1737
828 2663
829 987
829 1583
830 338
830 470
830 472
830 514
830 1381
830 1513
830 1608
831 103
831 293
831 361
831 440
831 566
831 583
831 941
831 1830
831 1846
832 1052
832 2120
833 741
833 2464
834 513
834 1004
834 1862
834 2259
834 2260
835 50
835 2511
836 120
836 587
836 972
836 1199
836 1948
836 2513
837 108
837 190
837 629
837 1163
837 1606
837 2660
838 1284
839 339
839 967
839 1752
840 2512
841 597
841 1531
841 2161
841 2236
841 2271
842 633
842 2512
843 317
843 400
843 903
843 1230
843 1256
843 1284
843 1841
843 2522
844 1266
844 1939
845 5
845 816
846 881
846 1380
846 2120
847 472
847 863
847 2304
848 713
848 1307
848 1506
848 2630
849 261
849 1144
849 1847
849 2496
850 103
850 936
850 1062
850 1804
850 2493
851 481
852 513
853 10
853 643
853 787
853 2677
854 2
854 531
854 2190
854 2192
855 752
855 1152
855 1697
855 2326
856 42
856 1058
857 2333
857 2509
857 2510
858 756
858 1079
858 1867
858 1868
858 2291
858 2419
859 12
859 103
859 517
859 634
859 2057
859 2433
860 645
860 1189
860 1620
860 2252
861 1898
861 2577
861 2582
862 896
863 847
863 1309
863 1764
863 2304
864 218
864 1261
864 1434
864 1914
864 2668
865 48
865 1754
865 2552
865 2650
866 383
866 633
866 1424
866 2512
867 982
867 1842
867 2057
867 2084
868 362
868 1683
868 2333
868 2509
868 2510
869 461
869 560
869 657
870 42
870 387
870 936
870 1518
871 1713
871 1898
871 2379
872 689
872 767
872 2593
873 65
873 526
873 761
873 1319
873 1907
873 2558
874 1716
874 2298
874 2652
875 767
876 329
876 1633
876 1687
876 2267
877 1384
877 1387
877 2541
878 112
878 1516
879 204
879 382
879 426
879 1603
879 1917
879 1962
880 288
880 469
880 1178
880 1471
880 1911
881 846
882 103
882 1238
882 1479
882 2362
883 812
883 923
883 1768
884 1576
884 1713
885 1519
885 2512
886 25
887 1053
887 1129
887 2189
887 2436
887 2706
888 54
888 73
888 1491
888 1683
889 469
890 103
890 544
890 643
890 964
890 1836
891 3
891 375
891 665
891 1067
891 2613
891 2614
892 177
892 233
892 1386
892 1397
892 2283
893 1614
893 1862
893 2426
894 2512
894 2544
895 197
895 273
895 633
896 173
896 351
896 423
896 518
896 783
896 862
896 1187
896 1420
897 1979
898 5
898 177
898 712
898 1223
898 1512
898 1814
898 2571
899 590
899 621
899 682
899 796
899 988
899 1345
899 2008
899 2337
899 2510
900 110
900 1451
900 1472
900 1665
900 1737
900 1854
900 2034
900 2518
901 103
901 344
901 722
902 241
902 1472
903 114
903 843
904 38
904 628
904 1713
905 333
905 1158
905 1942
905 1986
906 210
906 281
906 500
906 602
906 1426
907 524
907 1944
908 237
909 336
909 1910
910 273
910 1965
910 2229
911 157
911 513
911 639
911 2501
912 239
912 981
912 1775
912 2538
912 2540
913 161
913 314
913 1008
913 1509
913 1971
913 2408
913 2601
914 632
915 14
915 247
915 300
915 1656
915 2254
915 2303
915 2346
916 1168
916 2512
917 122
917 2683
918 641
918 960
918 975
918 2619
919 1050
920 339
920 389
920 1356
920 1998
921 1238
921 1315
921 1479
921 1630
921 2523
922 157
922 1004
922 1178
922 1782
922 2233
923 96
923 158
923 305
923 458
923 604
923 647
923 812
923 883
923 1098
923 1299
923 1520
923 1523
923 1768
923 1900
923 1901
923 1902
923 1903
923 2249
923 2265
924 1062
924 1752
924 1955
925 1578
925 1752
925 2501
926 1190
927 805
928 154
928 1557
928 2534
929 48
929 356
929 513
929 557
929 1957
930 348
930 781
931 96
931 1768
932 611
932 635
932 776
932 1004
932 1853
933 2333
933 2464
933 2509
933 2510
934 480
934 786
934 1424
934 1669
934 1881
935 592
935 680
935 2580
936 42
936 275
936 850
936 870
936 966
936 1334
936 1396
936 1518
936 1842
936 2082
936 2116
936 2672
937 181
937 275
937 1334
938 54
938 73
938 1939
939 2299
940 1356
940 1482
941 440
941 831
941 1001
941 1502
941 2111
941 2616
942 135
942 249
942 759
943 1668
943 2220
943 2284
943 2369
944 140
944 196
944 1671
944 1939
945 386
945 1145
945 1461
945 1468
945 1984
945 2437
946 1339
946 2341
946 2409
947 2283
948 255
949 1316
949 2512
949 2514
950 454
950 1100
950 1144
951 257
951 1589
951 2497
952 103
952 240
952 733
952 1844
953 53
953 319
953 1259
954 62
954 1560
954 2427
955 99
955 1056
955 1062
956 1027
956 1086
956 1301
956 1470
956 2463
956 2610
957 1713
957 1898
958 1319
958 1768
958 2397
959 265
959 1628
959 1736
959 2500
959 2563
960 918
960 1913
961 313
961 383
961 1040
961 2060
962 292
962 570
963 312
963 555
963 1232
963 1249
963 1401
963 1947
963 2463
963 2611
964 206
964 479
964 483
964 510
964 575
964 890
964 1295
964 1396
964 1693
964 1760
964 2019
964 2394
965 36
965 787
965 1342
965 2285
965 2353
966 42
966 936
966 2448
967 374
967 611
967 839
967 1007
967 2232
967 2525
967 2584
968 478
968 1436
969 55
969 1034
969 1786
970 2620
971 153
972 120
972 648
972 836
972 1266
972 1283
973 103
973 422
973 762
973 1108
973 1630
974 1659
974 1676
975 113
975 118
975 152
975 291
975 338
975 416
975 537
975 641
975 724
975 731
975 918
975 1026
975 1153
975 1607
975 1724
975 1858
975 2078
975 2217
975 2416
976 1530
977 291
977 397
977 501
977 595
977 625
977 1184
977 1190
977 1338
977 1649
977 2230
977 2390
977 2561
978 1505
978 2606
979 1101
979 1135
979 2248
979 2494
980 365
980 2341
981 671
981 912
981 1024
981 1712
981 2018
982 103
982 867
982 2057
983 1202
983 2555
984 311
984 1768
985 2124
986 2523
987 295
987 558
987 638
987 829
987 1300
987 1349
987 1374
987 1408
987 1583
987 1686
987 1764
987 1875
987 1938
987 2287
987 2312
987 2361
987 2500
987 2569
987 2604
988 31
988 75
988 112
988 335
988 444
988 512
988 590
988 660
988 773
988 796
988 899
988 1055
988 1283
988 1345
988 1356
988 1449
988 2027
988 2028
988 2029
988 2230
988 2272
988 2364
988 2400
988 2420
988 2444
988 2453
988 2510
988 2570
988 2575
989 633
989 1474
989 1788
989 2307
990 1812
991 1108
991 1193
991 1815
992 687
992 697
992 1604
993 1559
994 1915
994 1992
994 2031
994 2344
995 438
995 2427
995 2603
996 103
996 482
996 1096
996 2688
997 1573
998 95
998 2204
999 103
1000 143
1000 346
1000 1963
1001 440
1001 941
1001 2520
1001 2616
1002 1424
1002 1862
1002 2512
1003 1481
1004 27
1004 48
1004 134
1004 155
1004 164
1004 174
1004 175
1004 211
1004 318
1004 343
1004 356
1004 362
1004 374
1004 417
1004 445
1004 549
1004 611
1004 624
1004 635
1004 639
1004 640
1004 727
1004 737
1004 749
1004 764
1004 771
1004 826
1004 834
1004 922
1004 932
1004 1007
1004 1018
1004 1041
1004 1042
1004 1047
1004 1088
1004 1094
1004 1115
1004 1165
1004 1239
1004 1245
1004 1408
1004 1440
1004 1525
1004 1533
1004 1554
1004 1560
1004 1737
1004 1774
1004 1783
1004 1827
1004 1853
1004 1857
1004 1859
1004 1860
1004 1861
1004 1940
1004 1949
1004 1951
1004 1952
1004 2232
1004 2233
1004 2257
1004 2259
1004 2261
1004 2278
1004 2286
1004 2292
1004 2312
1004 2323
1004 2389
1004 2417
1004 2421
1004 2507
1004 2525
1004 2526
1004 2528
1004 2585
1005 2537
1006 199
1006 271
1006 1398
1006 2021
1006 2091
1007 445
1007 562
1007 635
1007 967
1007 1004
1007 1245
1007 1563
1007 1856
1007 2507
1007 2599
1008 913
1009 2618
1010 1040
1010 1530
1011 547
1011 1963
1011 2465
1012 1103
1012 1637
1012 2044
1013 80
1013 1939
1014 642
1014 686
1014 1733
1014 1946
1015 2190
1016 286
1016 1135
1017 1682
1017 1862
1018 356
1018 1004
1018 1130
1019 2532
1020 380
1020 457
1020 783
1020 1434
1020 1534
1020 2054
1021 71
1021 679
1021 815
1021 1143
1021 2223
1021 2648
1022 789
1022 1414
1022 2343
1023 1754
1023 1956
1023 2214
1023 2600
1024 522
1024 981
1024 1353
1024 2246
1025 122
1025 2683
1026 52
1026 113
1026 152
1026 269
1026 975
1026 1761
1027 312
1027 372
1027 956
1027 1111
1027 1232
1027 1470
1027 2345
1027 2463
1027 2542
1027 2611
1028 1042
1028 1951
1028 2585
1029 2656
1030 559
1030 789
1030 1560
1030 2307
1030 2546
1031 2008
1032 157
1032 417
1032 1578
1032 1802
1032 2233
1033 2174
1033 2651
1034 20
1034 46
1034 69
1034 80
1034 391
1034 969
1034 1890
1034 1939
1034 2280
1035 513
1035 1852
1036 559
1036 633
1036 808
1036 2262
1037 180
1037 246
1037 542
1037 1843
1038 1950
1038 2084
1038 2383
1039 715
1039 1494
1040 961
1040 1010
1041 640
1041 1004
1041 1047
1041 1533
1041 1952
1042 356
1042 1004
1042 1028
1042 1957
1042 2512
1043 315
1043 633
1043 1291
1044 582
1044 1862
1044 1865
1044 2656
1045 635
1045 1999
1046 471
1046 2189
1046 2456
1047 503
1047 1004
1047 1041
1048 58
1048 163
1049 336
1050 919
1050 1165
1050 1291
1051 1219
1051 1566
1052 197
1052 627
1052 832
1052 1424
1052 1862
1053 887
1053 1129
1053 1822
1054 1150
1054 2331
1055 291
1055 988
1056 99
1056 146
1056 955
1056 1154
1056 1506
1056 1684
1056 1759
1056 2422
1057 25
1057 1136
1057 2423
1057 2470
1057 2673
1058 856
1058 1752
1058 2221
1058 2621
1059 1304
1060 507
1060 2017
1061 163
1062 66
1062 78
1062 187
1062 202
1062 356
1062 491
1062 516
1062 610
1062 677
1062 760
1062 805
1062 850
1062 924
1062 955
1062 1133
1062 1151
1062 1179
1062 1221
1062 1382
1062 1667
1062 1788
1062 1804
1062 1807
1062 1872
1062 1873
1062 1874
1062 1875
1062 2299
1062 2301
1062 2366
1062 2476
1062 2508
1062 2542
1062 2543
1063 541
1063 1656
1063 2096
1064 1556
1064 1838
1064 2130
1065 103
1065 1737
1065 2605
1066 33
1066 1589
1066 1790
1067 220
1067 375
1067 891
1068 22
1068 116
1068 1366
1068 2266
1069 1101
1070 1218
1070 2519
1071 482
1071 1939
1072 248
1072 2334
1072 2581
1073 380
1073 441
1073 824
1073 1534
1073 1596
1073 2423
1073 2470
1074 249
1074 396
1074 495
1074 1291
1074 1933
1075 741
1075 1445
1075 1941
1076 103
1076 746
1077 1637
1078 90
1078 163
1079 522
1079 858
1079 1341
1079 1355
1080 257
1080 1664
1080 1993
1080 1995
1081 1469
1081 1984
1082 333
1082 1158
1082 1401
1082 1730
1082 1986
1083 1632
1083 2512
1083 2514
1084 633
1085 103
1085 2409
1086 312
1086 481
1086 586
1086 956
1087 1134
1087 1971
1087 2288
1088 403
1088 1004
1088 1165
1088 2233
1089 144
1090 356
1090 466
1090 2233
1090 2512
1091 450
1091 2600
1092 392
1092 2054
1092 2668
1092 2671
1093 132
1093 477
1093 688
1093 1113
1094 174
1094 1004
1094 1854
1095 17
1095 517
1095 634
1095 1845
1095 2083
1095 2469
1095 2515
1095 2516
1096 331
1096 369
1096 482
1096 554
1096 584
1096 607
1096 788
1096 996
1096 1125
1096 1182
1096 1216
1096 1512
1096 1804
1096 1960
1096 1985
1096 2549
1097 2572
1098 550
1098 812
1098 923
1098 1768
1098 2249
1099 433
1099 545
1100 179
1100 329
1100 802
1100 950
1100 1499
1100 1849
1100 1950
1101 979
1101 1069
1101 2248
1102 474
1103 14
1103 502
1103 1012
1103 1637
1103 2044
1104 48
1104 103
1104 765
1105 1526
1106 58
1106 1968
1106 2022
1107 310
1108 103
1108 973
1108 991
1108 1839
1108 2523
1109 57
1109 1186
1110 327
1110 2072
1110 2222
1111 1027
1111 1470
1111 2446
1112 127
1112 534
1112 719
1112 767
1112 2045
1113 470
1113 1093
1113 2327
1114 644
1114 2128
1115 640
1115 1004
1115 2276
1116 2055
1116 2488
1117 42
1117 1164
1117 1842
1117 2448
1118 764
1118 1354
1118 1752
1118 2221
1119 206
1119 598
1119 606
1120 62
1120 2489
1121 103
1121 1331
1122 632
1122 1497
1122 1507
1122 1970
1122 2486
1123 712
1123 1899
1123 2032
1123 2215
1123 2339
1124 1342
1125 24
1125 146
1125 297
1125 713
1125 1096
1125 1885
1125 1915
1125 1920
1125 2587
1126 1755
1127 1156
1128 103
1128 1191
1129 887
1129 1053
1129 1467
1129 2706
1130 356
1130 582
1130 1018
1131 302
1131 358
1131 1161
1131 1589
1132 2319
1133 248
1133 1062
1133 2582
1134 431
1134 1087
1135 286
1135 979
1135 1016
1135 1592
1135 2177
1136 273
1136 351
1136 1057
1136 1150
1136 1254
1136 1731
1136 2461
1136 2480
1136 2624
1137 8
1137 1178
1138 39
1138 161
1138 2408
1139 257
1139 1175
1139 1664
1139 1993
1139 2511
1140 208
1140 1701
1141 427
1142 103
1142 1255
1142 2033
1142 2447
1143 226
1143 633
1143 1021
1143 1328
1143 2473
1144 103
1144 261
1144 643
1144 849
1144 950
1144 1644
1144 2496
1145 58
1145 195
1145 249
1145 386
1145 945
1145 1390
1146 1416
1147 683
1147 1175
1147 2241
1147 2478
1147 2511
1148 681
1149 593
1149 1164
1149 2096
1149 2702
1150 200
1150 377
1150 1054
1150 1136
1150 1578
1150 1753
1150 2488
1151 1062
1151 1379
1151 2636
1152 187
1152 855
1152 1307
1152 1915
1153 724
1153 975
1153 2078
1153 2079
1154 1056
1155 344
1155 1473
1155 2415
1156 92
1156 1127
1156 1279
1156 1337
1156 1726
1157 509
1157 797
1158 736
1158 905
1158 1082
1158 1730
1158 1986
1159 356
1159 2512
1160 2280
1160 2318
1161 1131
1161 1221
1161 1589
1161 1713
1161 1941
1161 2555
1161 2609
1162 316
1162 418
1162 463
1162 510
1162 536
1162 787
1162 827
1162 1878
1162 2301
1162 2329
1163 101
1163 429
1163 837
1164 103
1164 261
1164 266
1164 517
1164 542
1164 600
1164 1117
1164 1149
1164 2442
1164 2702
1165 66
1165 356
1165 403
1165 633
1165 1004
1165 1050
1165 1088
1165 1174
1165 1362
1165 1424
1165 1925
1165 2233
1166 247
1166 266
1166 356
1166 1526
1167 85
1167 767
1167 2045
1167 2274
1168 11
1168 448
1168 916
1168 2413
1169 58
1169 2299
1170 2375
1171 48
1171 1754
1172 2259
1172 2261
1173 309
1174 633
1174 662
1174 1165
1175 251
1175 502
1175 683
1175 1139
1175 1147
1175 1368
1175 1988
1175 2241
1175 2368
1175 2478
1175 2511
1176 2096
1177 103
1177 300
1177 455
1177 1639
1177 2158
1177 2662
1178 8
1178 292
1178 470
1178 472
1178 514
1178 880
1178 922
1178 1137
1178 1582
1178 1885
1178 1886
1178 1887
1178 2355
1178 2359
1178 2548
1178 2549
1179 1062
1179 1691
1179 1821
1179 2476
1180 2295
1180 2436
1181 2317
1181 2686
1182 187
1182 320
1182 342
1182 360
1182 482
1182 491
1182 554
1182 556
1182 564
1182 654
1182 711
1182 1096
1182 1401
1182 1512
1182 1807
1182 1872
1182 1929
1182 1985
1182 1986
1182 2258
1182 2315
1183 2432
1184 391
1184 591
1184 977
1184 2390
1185 215
1185 2292
1186 243
1186 1109
1186 1898
1186 2577
1187 896
1187 2280
1187 2591
1188 2025
1188 2531
1189 860
1189 1322
1189 2013
1189 2503
1190 926
1190 977
1191 103
1191 1128
1192 2127
1193 991
1193 1815
1193 2128
1194 1278
1195 2158
1195 2338
1196 1812
1196 1871
1197 1572
1197 1677
1197 2183
1197 2184
1198 1862
1198 2512
1199 120
1199 836
1199 1257
1199 1939
1199 2705
1200 133
1200 201
1200 608
1200 1205
1200 2374
1201 48
1201 364
1201 522
1201 2018
1201 2647
1202 983
1202 2395
1203 291
1203 405
1203 501
1203 1649
1203 2620
1204 1975
1205 799
1205 1200
1205 1424
1205 2243
1205 2512
1205 2597
1205 2598
1206 1233
1206 1243
1206 1244
1206 2086
1206 2087
1207 623
1207 815
1207 1862
1207 2142
1208 1793
1209 173
1209 423
1209 442
1209 518
1209 685
1209 783
1209 1420
1209 1534
1209 1964
1210 131
1210 456
1210 812
1211 1229
1211 2457
1212 1787
1212 2163
1212 2206
1213 225
1213 1796
1214 336
1215 2068
1216 1096
1216 1601
1216 1713
1216 1978
1216 2031
1217 1387
1218 349
1218 1070
1218 2519
1219 49
1219 333
1219 668
1219 699
1219 1051
1219 1427
1219 1483
1219 1667
1219 1932
1219 2068
1220 2167
1221 58
1221 382
1221 1062
1221 1161
1221 1689
1221 2555
1221 2609
1222 1226
1222 1417
1222 2000
1222 2001
1222 2002
1222 2003
1223 482
1223 898
1223 1985
1224 370
1224 1441
1225 111
1225 1620
1226 1222
1226 1310
1226 2001
1226 2002
1226 2004
1227 339
1227 672
1227 2104
1228 739
1228 1683
1228 1939
1228 2280
1229 396
1229 1211
1229 2361
1230 103
1230 400
1230 843
1230 1256
1231 1528
1231 1870
1232 78
1232 188
1232 312
1232 333
1232 552
1232 963
1232 1027
1232 1470
1232 1671
1232 1786
1232 1942
1232 1947
1232 1986
1232 1987
1232 1993
1232 1994
1232 2289
1232 2331
1232 2489
1232 2497
1232 2541
1233 1206
1233 1243
1233 1244
1233 2086
1233 2087
1233 2156
1234 103
1234 1308
1234 2496
1235 2089
1236 172
1236 732
1236 769
1236 1811
1237 1808
1237 1973
1237 1997
1238 103
1238 882
1238 921
1238 1479
1238 1630
1238 2176
1239 318
1239 513
1239 635
1239 1004
1240 1302
1240 2122
1241 202
1241 1397
1241 2293
1241 2356
1241 2654
1242 270
1242 519
1242 706
1242 1421
1242 1495
1242 1563
1242 2417
1243 1206
1243 1233
1243 2086
1243 2087
1244 1206
1244 1233
1244 2087
1244 2156
1245 735
1245 1004
1245 1007
1245 1803
1245 2233
1246 2156
1247 482
1247 1931
1247 2565
1248 450
1248 578
1248 2237
1248 2600
1249 184
1249 333
1249 963
1249 1401
1249 2289
1250 1251
1250 1280
1250 1792
1250 1991
1251 1250
1251 1280
1251 1405
1251 1629
1251 1792
1251 2162
1252 613
1252 772
1252 777
1252 2270
1252 2336
1253 209
1253 1319
1253 1906
1254 633
1254 1136
1254 2619
1254 2620
1255 32
1255 103
1255 136
1255 696
1255 708
1255 1142
1255 1339
1255 1499
1255 1848
1255 2117
1255 2431
1255 2493
1256 103
1256 400
1256 617
1256 843
1256 1230
1256 2522
1257 1199
1257 1266
1257 1939
1257 2512
1258 1266
1258 2030
1259 482
1259 564
1259 953
1259 1658
1259 2263
1260 485
1260 1424
1260 2479
1260 2707
1261 864
1261 2695
1262 1263
1262 1594
1262 2080
1262 2100
1263 1262
1263 2080
1263 2081
1264 1924
1264 2707
1265 1291
1265 1560
1265 2233
1266 117
1266 274
1266 612
1266 691
1266 844
1266 972
1266 1257
1266 1258
1266 1948
1266 2350
1267 1399
1268 109
1268 217
1268 1678
1268 2143
1268 2207
1268 2490
1269 1642
1270 1630
1270 1837
1271 2094
1272 2070
1272 2230
1273 1653
1274 1363
1274 2546
1275 1723
1275 2193
1276 2512
1276 2546
1277 255
1278 1194
1279 1156
1280 1250
1280 1251
1280 1792
1280 1991
1281 84
1282 528
1282 2095
1282 2248
1283 343
1283 359
1283 442
1283 972
1283 988
1283 1492
1283 1948
1283 2150
1283 2348
1283 2454
1283 2459
1284 838
1284 843
1284 1344
1285 1500
1286 1862
1286 1939
1287 2016
1288 1404
1288 1524
1289 97
1289 103
1289 593
1289 1324
1289 1882
1290 141
1290 547
1290 2465
1290 2590
1291 13
1291 315
1291 1043
1291 1050
1291 1074
1291 1265
1291 1881
1291 2306
1291 2512
1292 2512
1293 2540
1294 336
1295 48
1295 103
1295 206
1295 964
1296 103
1296 395
1296 702
1296 2377
1297 2146
1298 2073
1299 812
1299 923
1299 2249
1300 295
1300 987
1300 1686
1300 2438
1301 22
1301 521
1301 956
1301 2463
1302 1240
1302 2122
1303 1689
1303 2476
1304 435
1304 738
1304 1059
1304 1323
1304 2126
1305 409
1305 1307
1305 1506
1305 2422
1305 2630
1306 24
1306 1824
1306 1967
1307 106
1307 752
1307 848
1307 1152
1307 1305
1307 1316
1307 1506
1307 2041
1307 2326
1307 2422
1307 2604
1307 2630
1308 35
1308 738
1308 745
1308 1234
1308 1688
1308 2010
1308 2012
1308 2459
1309 532
1309 863
1310 1226
1310 1417
1310 2000
1310 2001
1310 2002
1310 2003
1310 2004
1311 89
1311 106
1312 2210
1313 2134
1314 262
1314 1424
1314 1529
1314 1768
1314 2243
1315 921
1315 1630
1316 752
1316 949
1316 1307
1316 1632
1317 1569
1318 796
1318 2272
1318 2633
1319 156
1319 280
1319 402
1319 526
1319 581
1319 652
1319 721
1319 761
1319 873
1319 958
1319 1253
1319 1527
1319 1682
1319 1907
1319 2439
1319 2557
1319 2558
1320 2024
1321 356
1321 466
1321 2233
1321 2512
1322 212
1322 1189
1323 800
1323 1304
1323 1727
1324 1289
1325 2349
1325 2543
1326 523
1326 524
1326 1944
1326 1945
1326 2452
1327 329
1327 820
1327 2254
1328 747
1328 1143
1328 2325
1328 2591
1328 2694
1329 103
1329 1644
1329 1746
1329 1854
1330 76
1330 569
1331 103
1331 325
1331 356
1331 1121
1331 1702
1332 1862
1333 370
1333 1441
1333 2085
1334 103
1334 936
1334 937
1334 2415
1335 2175
1336 804
1336 1350
1336 1737
1337 1156
1338 977
1339 103
1339 449
1339 636
1339 946
1339 1255
1339 1499
1339 1797
1339 1805
1339 1849
1339 2175
1339 2341
1340 1348
1340 2102
1341 336
1341 453
1341 671
1341 1079
1341 1712
1341 1775
1341 2647
1342 321
1342 606
1342 965
1342 1124
1343 45
1343 1589
1343 2212
1344 114
1344 1284
1344 1788
1345 590
1345 899
1345 988
1345 1449
1346 1385
1346 1541
1346 2138
1347 619
1347 670
1347 1939
1348 1340
1348 2101
1348 2102
1349 987
1349 2106
1349 2551
1350 110
1350 432
1350 514
1350 1336
1350 1459
1350 1599
1350 1737
1350 2663
1351 1611
1352 198
1352 633
1352 2049
1352 2296
1353 453
1353 490
1353 671
1353 1024
1353 1868
1353 2018
1354 241
1354 302
1354 557
1354 1118
1354 2524
1355 1079
1356 339
1356 444
1356 920
1356 940
1356 988
1356 2405
1357 1631
1357 1732
1358 473
1358 640
1358 1395
1358 2110
1359 2276
1359 2333
1359 2509
1359 2510
1360 1447
1360 2418
1361 1461
1362 1165
1362 2512
1363 1274
1363 2546
1364 665
1364 2615
1365 1407
1366 116
1366 628
1366 1068
1366 1401
1366 2266
1367 2201
1367 2202
1368 1175
1368 2283
1369 151
1369 481
1369 1615
1369 1758
1369 1967
1370 352
1370 1630
1371 83
1371 232
1371 514
1371 616
1371 690
1371 825
1371 1763
1371 1955
1371 2284
1371 2287
1371 2327
1372 165
1372 1388
1372 1398
1372 1503
1372 2021
1372 2091
1372 2313
1372 2320
1373 86
1373 1720
1374 447
1374 638
1374 987
1375 345
1375 1874
1375 2172
1375 2500
1376 1867
1376 1895
1376 2291
1376 2538
1377 164
1377 513
1377 2233
1377 2509
1378 1591
1379 327
1379 1151
1379 2029
1379 2370
1379 2546
1380 846
1380 2029
1380 2066
1381 830
1381 1438
1381 1513
1381 1608
1381 1613
1382 1062
1382 1928
1382 2652
1383 1636
1384 877
1385 1346
1385 1541
1385 2138
1386 892
1386 1397
1386 1934
1387 586
1387 877
1387 1217
1387 1589
1388 1372
1388 2675
1389 1680
1389 1681
1389 1991
1390 195
1390 1145
1390 1461
1391 49
1392 5
1392 465
1392 482
1392 2263
1392 2283
1392 2505
1393 545
1394 103
1394 2523
1395 175
1395 737
1395 743
1395 1358
1395 1507
1395 1672
1395 1725
1395 1778
1395 1950
1395 2437
1395 2526
1396 936
1396 964
1396 1760
1397 892
1397 1241
1397 1386
1397 1676
1397 2549
1398 199
1398 1006
1398 1372
1398 2091
1398 2320
1398 2675
1399 1267
1400 2586
1401 22
1401 333
1401 580
1401 963
1401 1082
1401 1182
1401 1249
1401 1366
1401 1766
1401 1942
1401 1986
1401 1987
1401 2266
1401 2275
1401 2289
1402 815
1402 2030
1403 1843
1403 2092
1404 517
1404 1288
1404 1431
1404 2376
1405 1251
1405 1629
1405 1792
1405 1825
1405 1991
1406 1666
1407 1365
1408 987
1408 1004
1408 2330
1409 24
1410 756
1410 2291
1410 2419
1411 1485
1411 2118
1412 354
1412 2521
1413 2074
1413 2243
1414 789
1414 1022
1415 273
1415 605
1415 2511
1416 791
1416 1146
1416 1885
1416 1916
1417 1222
1417 1310
1417 2002
1417 2003
1418 2118
1419 1585
1420 423
1420 896
1420 1209
1420 2054
1421 1242
1421 1563
1421 2417
1421 2501
1422 2188
1423 533
1423 1992
1424 104
1424 383
1424 480
1424 485
1424 609
1424 679
1424 693
1424 775
1424 786
1424 799
1424 866
1424 934
1424 1002
1424 1052
1424 1165
1424 1205
1424 1260
1424 1314
1424 1519
1424 1559
1424 1573
1424 1669
1424 1784
1424 1865
1424 1883
1424 1970
1424 2238
1424 2243
1424 2407
1424 2445
1424 2479
1424 2537
1424 2545
1425 2198
1426 500
1426 602
1426 906
1427 699
1427 1219
1428 73
1428 95
1428 203
1428 1908
1429 167
1429 1589
1430 1580
1431 15
1431 1404
1431 1524
1432 1560
1433 1943
1434 157
1434 218
1434 380
1434 717
1434 864
1434 1020
1434 1538
1435 2209
1436 103
1436 121
1436 703
1436 968
1436 1742
1436 1867
1436 1892
1436 1893
1436 1894
1436 2381
1436 2538
1436 2551
1437 121
1437 172
1437 626
1437 1531
1437 1692
1438 226
1438 1381
1439 1647
1440 318
1440 635
1440 1004
1441 370
1441 1224
1441 1333
1442 513
1442 639
1443 1542
1444 2512
1445 1075
1445 2094
1445 2289
1446 633
1446 1896
1447 817
1447 1360
1447 2618
1448 1552
1449 988
1449 1345
1450 1993
1451 103
1451 900
1452 103
1452 225
1453 103
1453 440
1453 593
1453 1630
1453 2443
1454 46
1454 1939
1455 2166
1456 356
1456 503
1456 2512
1457 1823
1458 469
1458 825
1458 1471
1458 2578
1459 432
1459 754
1459 1350
1459 1711
1459 1737
1459 2385
1459 2589
1459 2663
1460 66
1460 103
1460 220
1460 2615
1461 295
1461 366
1461 945
1461 1361
1461 1390
1461 2250
1461 2441
1461 2588
1461 2589
1462 1590
1463 53
1463 465
1463 663
1463 1713
1463 2577
1464 1586
1465 170
1465 412
1465 437
1465 774
1465 2108
1466 399
1466 1609
1466 2284
1466 2505
1466 2582
1467 2
1467 1129
1467 2190
1468 726
1468 945
1468 1668
1468 2650
1468 2676
1469 1081
1470 122
1470 312
1470 956
1470 1027
1470 1111
1470 1232
1470 2275
1470 2345
1470 2463
1470 2542
1470 2611
1470 2629
1471 288
1471 469
1471 723
1471 880
1471 1458
1471 1651
1471 1911
1472 765
1472 900
1472 902
1472 1577
1472 1954
1473 103
1473 542
1473 1155
1473 2415
1474 559
1474 633
1474 989
1474 1618
1474 2269
1474 2307
1474 2343
1474 2568
1475 63
1475 103
1475 1623
1475 1630
1475 1698
1475 1773
1475 1801
1475 2409
1475 2493
1475 2517
1475 2676
1476 336
1477 1659
1477 2548
1478 1892
1478 2440
1478 2582
1479 103
1479 882
1479 921
1479 1238
1480 1706
1480 1724
1481 125
1481 1003
1481 2331
1482 525
1482 940
1482 1521
1482 2512
1483 668
1483 1219
1483 1601
1483 2224
1484 48
1484 1752
1485 1411
1486 2334
1487 58
1487 61
1487 265
1487 1695
1487 2427
1488 2039
1489 2384
1489 2512
1490 1550
1491 203
1491 757
1491 888
1491 2393
1491 2576
1492 633
1492 1283
1492 1739
1492 2130
1492 2491
1493 103
1493 440
1493 2347
1493 2409
1494 715
1494 1039
1494 2530
1494 2531
1495 1242
1495 2447
1496 2447
1497 701
1497 791
1497 1122
1497 1613
1497 2006
1498 2401
1499 103
1499 1100
1499 1255
1499 1339
1499 1797
1500 1285
1501 1915
1501 2334
1502 103
1502 682
1502 941
1502 1630
1502 2523
1503 1372
1503 2091
1503 2531
1504 2153
1505 978
1505 2235
1505 2365
1505 2605
1506 713
1506 848
1506 1056
1506 1305
1506 1307
1506 2630
1507 1122
1507 1395
1507 2125
1507 2643
1508 1895
1508 2251
1508 2291
1509 161
1509 314
1509 913
1510 68
1510 2609
1511 563
1511 571
1511 2476
1512 482
1512 898
1512 1096
1512 1182
1513 338
1513 830
1513 1381
1513 1608
1513 2434
1514 1986
1514 2109
1515 654
1515 1851
1515 2469
1516 112
1516 444
1516 664
1516 878
1516 2280
1517 2703
1518 42
1518 181
1518 275
1518 795
1518 870
1518 936
1518 2082
1518 2116
1518 2672
1519 13
1519 885
1519 1424
1519 2512
1519 2545
1520 96
1520 923
1520 1768
1521 103
1521 324
1521 1482
1521 1734
1521 2514
1521 2635
1522 2512
1523 305
1523 550
1523 923
1523 1634
1523 1635
1523 1768
1524 517
1524 1288
1524 1431
1524 2376
1525 513
1525 699
1525 1004
1525 1533
1525 2501
1526 72
1526 1105
1526 1166
1526 2353
1526 2357
1527 1319
1527 2558
1528 1231
1528 1869
1528 1870
1528 1976
1529 633
1529 1314
1529 1879
1529 2398
1530 976
1530 1010
1531 172
1531 841
1531 1437
1531 1692
1531 2236
1531 2271
1531 2449
1532 534
1532 767
1532 2045
1533 513
1533 639
1533 699
1533 1004
1533 1041
1533 1525
1534 783
1534 1020
1534 1073
1534 1209
1534 2488
1535 454
1535 1842
1535 2151
1535 2658
1536 2173
1537 20
1537 786
1538 717
1538 1434
1538 2054
1539 93
1540 476
1541 1346
1541 1385
1541 2138
1542 1443
1543 2047
1543 2230
1544 1936
1544 2319
1544 2617
1545 1980
1546 239
1547 119
1548 562
1549 1970
1550 1490
1551 2135
1551 2136
1551 2137
1552 1448
1552 1612
1553 567
1553 2295
1554 48
1554 1004
1554 1859
1555 2119
1556 780
1556 1064
1556 1838
1556 2130
1557 117
1557 548
1557 560
1557 928
1557 1862
1557 2400
1557 2534
1558 2181
1559 633
1559 993
1559 1424
1560 48
1560 470
1560 585
1560 637
1560 954
1560 1004
1560 1030
1560 1265
1560 1432
1560 1622
1560 1788
1560 1930
1560 2250
1560 2287
1560 2327
1560 2366
1560 2571
1561 1743
1562 2586
1563 513
1563 1007
1563 1242
1563 1421
1564 740
1564 1625
1565 46
1566 1051
1566 2017
1566 2401
1567 97
1567 103
1567 1597
1567 1624
1567 2346
1568 2203
1569 1317
1570 406
1570 676
1570 680
1571 268
1571 618
1571 822
1571 2049
1571 2387
1571 2409
1572 1197
1572 2184
1573 245
1573 395
1573 997
1573 1424
1573 1697
1574 1767
1575 575
1575 1843
1575 2092
1575 2415
1576 884
1576 1713
1576 2141
1576 2577
1577 765
1577 1472
1578 390
1578 423
1578 539
1578 824
1578 925
1578 1032
1578 1150
1578 1802
1578 2401
1578 2461
1578 2468
1578 2480
1578 2625
1579 655
1580 1430
1581 2652
1582 1178
1583 829
1583 987
1584 2363
1585 1419
1586 1464
1587 2134
1588 38
1588 2283
1588 2368
1589 33
1589 45
1589 257
1589 333
1589 358
1589 493
1589 819
1589 951
1589 1066
1589 1131
1589 1161
1589 1343
1589 1387
1589 1429
1589 1616
1589 1617
1589 1756
1589 1897
1589 1941
1589 1942
1589 2212
1589 2480
1589 2610
1590 1462
1591 1378
1592 111
1592 286
1592 595
1592 729
1592 1135
1592 1602
1592 1679
1592 1685
1592 2429
1592 2680
1593 2512
1594 1262
1594 2100
1595 1795
1596 380
1596 562
1596 1073
1597 169
1597 786
1597 1567
1598 1748
1598 1820
1598 2508
1599 1350
1599 1737
1599 2589
1599 2663
1600 58
1600 163
1600 816
1600 2224
1601 228
1601 243
1601 792
1601 1216
1601 1483
1601 1978
1601 2041
1602 1592
1602 2680
1603 204
1603 879
1603 1962
1603 2652
1604 82
1604 687
1604 992
1604 2012
1605 2078
1605 2228
1606 101
1606 190
1606 408
1606 429
1606 661
1606 837
1606 1661
1607 269
1607 416
1607 631
1607 975
1607 1724
1607 2228
1608 830
1608 1381
1608 1513
1608 1613
1608 2546
1609 260
1609 1466
1609 2626
1610 437
1610 536
1610 2108
1611 1351
1612 1552
1613 99
1613 338
1613 1381
1613 1497
1613 1608
1613 2315
1613 2487
1614 893
1614 2426
1615 333
1615 521
1615 1369
1615 2107
1616 62
1616 358
1616 1589
1616 1713
1617 1589
1617 2640
1618 633
1618 1474
1618 1788
1618 2307
1619 713
1619 1747
1619 1764
1619 2608
1620 860
1620 1225
1620 2013
1621 2292
1622 51
1622 1560
1623 103
1623 1475
1623 1630
1624 103
1624 547
1624 633
1624 1567
1625 697
1625 1564
1625 2120
1626 300
1627 231
1627 2485
1628 959
1628 1966
1629 1251
1629 1405
1629 1792
1630 74
1630 103
1630 129
1630 244
1630 299
1630 379
1630 504
1630 921
1630 973
1630 1238
1630 1270
1630 1315
1630 1370
1630 1453
1630 1475
1630 1502
1630 1623
1630 1832
1630 1840
1630 2096
1630 2362
1630 2519
1630 2616
1631 1357
1631 1732
1632 1083
1632 1316
1633 329
1633 876
1633 2267
1634 305
1634 794
1634 812
1634 1523
1634 1768
1635 305
1635 794
1635 1523
1635 1768
1636 1383
1637 486
1637 659
1637 1012
1637 1077
1637 1103
1637 2044
1637 2685
1638 818
1639 478
1639 1177
1639 1644
1639 2363
1639 2367
1639 2516
1640 505
1640 1749
1640 2612
1641 2190
1641 2436
1642 1269
1643 1809
1644 643
1644 1144
1644 1329
1644 1639
1644 1746
1644 2516
1645 699
1646 82
1646 1727
1647 1439
1648 2077
1649 291
1649 501
1649 977
1649 1203
1650 2098
1651 469
1651 1471
1651 1911
1652 2296
1653 1273
1653 2013
1654 137
1654 194
1654 344
1654 684
1654 1982
1654 1983
1654 2211
1654 2404
1655 46
1656 48
1656 289
1656 300
1656 541
1656 915
1656 1063
1657 1709
1658 183
1658 1259
1658 2634
1659 44
1659 556
1659 974
1659 1477
1659 1676
1659 2005
1659 2428
1659 2548
1660 1803
1660 1939
1661 101
1661 408
1661 413
1661 661
1661 1606
1662 699
1663 651
1663 744
1663 2290
1664 257
1664 1080
1664 1139
1664 1995
1665 900
1665 1854
1665 2034
1666 1406
1667 1062
1667 1219
1667 2068
1668 270
1668 943
1668 1468
1668 2220
1668 2284
1668 2369
1668 2552
1668 2553
1669 786
1669 934
1669 1424
1670 2208
1671 169
1671 692
1671 745
1671 944
1671 1232
1672 743
1672 1395
1672 2378
1673 2199
1674 626
1674 635
1674 1675
1674 2449
1675 175
1675 626
1675 1674
1675 2449
1675 2655
1676 974
1676 1397
1676 1659
1677 1197
1677 2183
1677 2184
1678 1268
1678 1939
1679 353
1679 1592
1679 2194
1679 2482
1680 1389
1680 1681
1680 1977
1681 1389
1681 1680
1681 1976
1682 1017
1682 1319
1682 1862
1683 362
1683 539
1683 868
1683 888
1683 1228
1683 1939
1683 2333
1683 2574
1684 1056
1684 2071
1684 2427
1685 1592
1685 2429
1686 66
1686 638
1686 667
1686 987
1686 1300
1686 2504
1686 2604
1687 876
1687 2267
1688 782
1688 1308
1689 135
1689 382
1689 630
1689 1221
1689 1303
1689 1791
1689 1968
1689 2371
1689 2489
1689 2563
1690 1800
1691 58
1691 563
1691 807
1691 1179
1691 2476
1692 28
1692 172
1692 425
1692 695
1692 1437
1692 1531
1692 1811
1692 1895
1693 964
1693 1760
1694 291
1694 460
1694 501
1694 2114
1695 61
1695 265
1695 334
1695 384
1695 1487
1695 1917
1695 2103
1695 2427
1696 1703
1697 97
1697 855
1697 1573
1698 1475
1699 2148
1700 1769
1700 1943
1700 1972
1701 208
1701 1140
1702 103
1702 1331
1702 2151
1703 1696
1704 188
1705 426
1705 1748
1705 2005
1705 2634
1705 2652
1706 416
1706 599
1706 1480
1706 1789
1706 2228
1707 2647
1708 218
1708 2373
1709 1657
1710 60
1710 424
1710 619
1710 1812
1711 432
1711 1459
1711 1737
1711 2518
1711 2663
1712 522
1712 671
1712 981
1712 1341
1713 57
1713 228
1713 358
1713 871
1713 884
1713 904
1713 957
1713 1161
1713 1216
1713 1463
1713 1576
1713 1616
1713 1897
1713 2212
1713 2218
1713 2310
1713 2497
1713 2556
1714 2226
1715 411
1715 459
1715 2624
1716 204
1716 874
1716 2652
1717 2360
1718 81
1718 468
1719 775
1719 1847
1719 2346
1720 633
1720 1373
1721 1822
1722 2185
1723 1275
1723 2193
1724 91
1724 118
1724 152
1724 975
1724 1480
1724 1607
1724 2455
1724 2700
1725 356
1725 570
1725 737
1725 1395
1725 1939
1726 1156
1727 800
1727 1323
1727 1646
1728 633
1728 2512
1729 111
1729 2013
1730 1082
1730 1158
1731 320
1731 663
1731 1136
1731 2315
1732 1357
1732 1631
1733 686
1733 1014
1733 1768
1733 1946
1734 324
1734 547
1734 1521
1734 2512
1735 103
1735 2409
1736 959
1736 1915
1736 1966
1736 2382
1736 2476
1737 48
1737 103
1737 110
1737 432
1737 598
1737 754
1737 804
1737 828
1737 900
1737 1004
1737 1065
1737 1336
1737 1350
1737 1459
1737 1599
1737 1711
1737 1950
1737 1996
1737 2342
1737 2385
1737 2518
1737 2589
1738 58
1739 6
1739 332
1739 393
1739 1492
1740 2388
1741 2280
1742 150
1742 465
1742 1436
1743 1561
1744 1939
1744 2305
1745 502
1745 2044
1745 2572
1745 2685
1746 103
1746 1329
1746 1644
1746 1854
1747 713
1747 1619
1747 1764
1747 2608
1748 576
1748 701
1748 714
1748 1598
1748 1705
1748 1820
1748 2481
1749 169
1749 1640
1749 1750
1749 2459
1750 545
1750 627
1750 692
1750 1749
1751 1808
1751 1997
1752 48
1752 529
1752 624
1752 839
1752 924
1752 925
1752 1058
1752 1118
1752 1484
1752 2221
1752 2264
1752 2501
1752 2533
1753 1150
1754 865
1754 1023
1754 1171
1754 1933
1755 1126
1755 1986
1756 358
1756 1589
1757 216
1757 405
1757 810
1758 481
1758 1369
1758 2107
1759 146
1759 1056
1759 1885
1759 1918
1759 1920
1759 2071
1759 2427
1760 479
1760 483
1760 964
1760 1396
1760 1693
1761 118
1761 631
1761 1026
1761 2091
1761 2228
1762 284
1762 405
1763 597
1763 616
1763 1371
1764 202
1764 279
1764 713
1764 863
1764 987
1764 1619
1764 1747
1764 2608
1765 58
1766 333
1766 1401
1766 1942
1767 1574
1768 70
1768 96
1768 158
1768 305
1768 550
1768 604
1768 642
1768 647
1768 720
1768 883
1768 923
1768 931
1768 958
1768 984
1768 1098
1768 1314
1768 1520
1768 1523
1768 1634
1768 1635
1768 1733
1768 1903
1768 1904
1768 1905
1768 1906
1768 2244
1768 2249
1768 2265
1768 2445
1768 2498
1769 1700
1770 2606
1771 2240
1771 2350
1772 597
1772 688
1772 1894
1773 103
1773 1475
1773 1950
1774 27
1774 1004
1775 912
1775 1341
1775 2466
1775 2539
1776 1813
1776 2195
1776 2196
1776 2197
1777 1909
1777 2290
1777 2477
1777 2646
1778 513
1778 1395
1778 2214
1779 513
1779 570
1780 103
1780 2523
1781 2168
1782 922
1783 66
1783 174
1783 1004
1783 1854
1784 1424
1784 2204
1785 2106
1786 302
1786 552
1786 969
1786 1232
1786 1993
1786 2289
1787 1212
1788 610
1788 989
1788 1062
1788 1344
1788 1560
1788 1618
1788 2269
1788 2307
1788 2427
1788 2572
1789 269
1789 1706
1789 2228
1790 33
1790 819
1790 1066
1791 58
1791 61
1791 1689
1791 2103
1791 2582
1792 1250
1792 1251
1792 1280
1792 1405
1792 1629
1793 1208
1794 87
1795 1595
1796 103
1796 326
1796 618
1796 1213
1797 1339
1797 1499
1797 2347
1798 40
1798 603
1798 2553
1799 2347
1800 1690
1801 1475
1802 824
1802 1032
1802 1578
1802 2280
1802 2468
1803 728
1803 1245
1803 1660
1803 2071
1804 850
1804 1062
1804 1096
1805 1339
1805 1849
1805 2213
1806 765
1807 1062
1807 1182
1808 1237
1808 1751
1808 1976
1808 1997
1809 1643
1810 2230
1811 732
1811 769
1811 1236
1811 1692
1812 135
1812 202
1812 228
1812 424
1812 547
1812 713
1812 739
1812 990
1812 1196
1812 1710
1812 1871
1812 1969
1813 1776
1813 2195
1813 2197
1814 482
1814 898
1815 991
1815 1193
1816 414
1816 654
1817 41
1817 163
1817 183
1817 238
1817 1969
1817 2596
1818 2182
1819 58
1819 703
1819 2691
1820 58
1820 1598
1820 1748
1820 1917
1820 2508
1821 1179
1821 1915
1821 1966
1821 2476
1822 1053
1822 1721
1822 2190
1823 1457
1824 24
1824 1306
1824 1967
1825 1405
1825 1976
1826 336
1827 318
1827 728
1827 1004
1827 2421
1827 2501
1827 2584
1827 2639
1828 768
1828 2684
1829 336
1830 103
1830 308
1830 633
1830 831
1830 2049
1831 103
1831 162
1831 482
1831 1892
1832 103
1832 1630
1832 1837
1832 2415
1833 103
1833 779
1833 2415
1834 103
1834 237
1834 365
1834 2409
1835 103
1835 653
1835 2253
1836 103
1836 544
1836 890
1836 2614
1836 2615
1837 103
1837 1270
1837 1832
1838 103
1838 1064
1838 1556
1838 2130
1838 2622
1839 103
1839 1108
1840 103
1840 261
1840 1630
1840 2151
1841 103
1841 400
1841 843
1841 2522
1842 48
1842 103
1842 211
1842 261
1842 454
1842 574
1842 653
1842 867
1842 936
1842 1117
1842 1535
1842 2056
1842 2057
1842 2651
1843 15
1843 103
1843 208
1843 223
1843 285
1843 542
1843 572
1843 575
1843 1037
1843 1403
1843 1575
1843 1845
1843 1851
1843 2415
1843 2469
1844 103
1844 952
1844 2409
1845 42
1845 103
1845 1095
1845 1843
1846 103
1846 347
1846 566
1846 596
1846 831
1846 2523
1847 103
1847 643
1847 849
1847 1719
1848 103
1848 696
1848 1255
1849 103
1849 1100
1849 1339
1849 1805
1849 2175
1849 2341
1850 103
1850 2084
1850 2383
1851 103
1851 180
1851 542
1851 1515
1851 1843
1851 2092
1852 513
1852 1035
1853 513
1853 635
1853 932
1853 1004
1854 356
1854 513
1854 900
1854 1094
1854 1329
1854 1665
1854 1746
1854 1783
1854 1949
1854 2034
1854 2384
1854 2518
1855 417
1855 513
1855 557
1855 2501
1855 2599
1856 155
1856 503
1856 513
1856 529
1856 640
1856 1007
1856 2501
1857 51
1857 318
1857 417
1857 513
1857 640
1857 727
1857 1004
1857 1859
1858 371
1858 717
1858 975
1858 2233
1858 2501
1859 48
1859 318
1859 445
1859 771
1859 1004
1859 1554
1859 1857
1859 2507
1860 48
1860 332
1860 1004
1860 2512
1861 48
1861 417
1861 1004
1861 2233
1861 2308
1862 31
1862 81
1862 144
1862 156
1862 189
1862 359
1862 424
1862 560
1862 589
1862 605
1862 652
1862 682
1862 748
1862 773
1862 834
1862 893
1862 1002
1862 1017
1862 1044
1862 1052
1862 1198
1862 1207
1862 1286
1862 1332
1862 1557
1862 1682
1862 1863
1862 1864
1862 1865
1862 1866
1862 2245
1862 2302
1862 2305
1862 2350
1862 2352
1862 2388
1862 2400
1862 2454
1862 2528
1862 2534
1862 2535
1862 2536
1862 2537
1862 2546
1863 156
1863 1862
1863 2557
1864 37
1864 1862
1864 2512
1865 582
1865 786
1865 1044
1865 1424
1865 1862
1866 748
1866 1862
1867 121
1867 858
1867 1376
1867 1436
1867 1868
1867 2268
1867 2477
1867 2538
1868 858
1868 1353
1868 1867
1868 2291
1869 1528
1869 1973
1869 1976
1870 1231
1870 1528
1871 592
1871 692
1871 1196
1871 1812
1871 2070
1871 2085
1872 1062
1872 1182
1873 629
1873 1062
1874 58
1874 345
1874 1062
1874 1375
1874 2277
1874 2481
1874 2500
1875 760
1875 987
1875 1062
1875 2103
1875 2331
1875 2427
1876 2512
1877 2512
1878 1162
1878 2512
1879 1529
1879 2512
1880 2512
1881 786
1881 934
1881 1291
1881 2512
1882 570
1882 1289
1882 2278
1882 2512
1883 633
1883 1424
1883 2512
1884 633
1884 2512
1885 1125
1885 1178
1885 1416
1885 1759
1886 1178
1887 472
1887 1178
1887 2699
1888 1889
1888 2409
1889 1888
1889 2409
1889 2519
1890 46
1890 1034
1890 1939
1891 258
1891 2550
1892 1436
1892 1478
1892 1831
1892 2271
1893 1436
1893 2691
1894 132
1894 597
1894 688
1894 1436
1894 1772
1894 1910
1895 239
1895 258
1895 496
1895 695
1895 1376
1895 1508
1895 1692
1895 2251
1895 2351
1895 2551
1896 21
1896 60
1896 163
1896 252
1896 565
1896 650
1896 725
1896 1446
1897 1589
1897 1713
1897 2696
1898 183
1898 243
1898 304
1898 443
1898 565
1898 750
1898 816
1898 861
1898 871
1898 957
1898 1186
1898 1899
1898 2556
1899 166
1899 1123
1899 1898
1899 2636
1899 2665
1900 647
1900 923
1900 1903
1901 550
1901 812
1901 923
1901 2249
1902 923
1902 2265
1903 647
1903 812
1903 923
1903 1768
1903 1900
1904 550
1904 647
1904 812
1904 1768
1905 550
1905 720
1905 812
1905 1768
1905 2669
1906 280
1906 1253
1906 1768
1907 526
1907 873
1907 1319
1907 2558
1908 203
1908 357
1908 821
1908 1428
1909 1777
1909 2290
1909 2477
1910 278
1910 336
1910 817
1910 909
1910 1894
1910 1911
1910 2411
1910 2559
1910 2628
1911 336
1911 469
1911 472
1911 880
1911 1471
1911 1651
1911 1910
1912 744
1912 2335
1912 2354
1913 291
1913 960
1914 291
1914 501
1914 864
1915 61
1915 100
1915 384
1915 498
1915 994
1915 1125
1915 1152
1915 1501
1915 1736
1915 1821
1915 1916
1915 1917
1915 2250
1915 2298
1915 2326
1916 556
1916 1416
1916 1915
1917 204
1917 879
1917 1695
1917 1820
1917 1915
1917 1962
1917 2427
1918 1759
1918 2283
1919 202
1919 1985
1919 2283
1919 2564
1919 2654
1920 1125
1920 1759
1920 2283
1921 53
1921 465
1922 274
1922 460
1922 463
1922 633
1923 633
1923 2035
1924 633
1924 1264
1925 51
1925 253
1925 633
1925 670
1925 764
1925 1165
1925 2233
1925 2333
1926 633
1926 745
1926 2097
1927 482
1927 620
1928 482
1928 1382
1929 482
1929 1182
1930 482
1930 1560
1930 2361
1930 2569
1930 2582
1931 64
1931 482
1931 712
1931 1247
1931 2481
1932 333
1932 699
1932 1219
1932 2068
1932 2224
1933 319
1933 1074
1933 1754
1934 102
1934 319
1934 328
1934 1386
1934 1985
1934 2368
1935 318
1935 356
1935 1957
1935 2572
1936 623
1936 1544
1936 2432
1936 2572
1937 288
1937 756
1937 2291
1938 295
1938 447
1938 987
1939 41
1939 46
1939 73
1939 80
1939 117
1939 144
1939 170
1939 183
1939 238
1939 282
1939 547
1939 548
1939 612
1939 685
1939 755
1939 844
1939 938
1939 944
1939 1013
1939 1034
1939 1071
1939 1199
1939 1228
1939 1257
1939 1286
1939 1347
1939 1454
1939 1660
1939 1678
1939 1683
1939 1725
1939 1744
1939 1890
1939 2223
1939 2278
1939 2318
1939 2506
1939 2566
1939 2575
1939 2576
1940 356
1940 374
1940 1004
1941 1075
1941 1161
1941 1589
1942 333
1942 905
1942 1232
1942 1401
1942 1589
1942 1766
1942 1967
1942 2289
1942 2497
1943 1433
1943 1700
1943 1972
1944 523
1944 524
1944 907
1944 1326
1944 2452
1945 523
1945 1326
1946 1014
1946 1733
1946 2579
1947 963
1947 1232
1947 2497
1947 2629
1948 120
1948 648
1948 836
1948 1266
1948 1283
1949 66
1949 174
1949 1004
1949 1854
1950 179
1950 601
1950 802
1950 1038
1950 1100
1950 1395
1950 1737
1950 1773
1950 2383
1950 2605
1951 1004
1951 1028
1952 640
1952 1004
1952 1041
1953 2233
1954 765
1954 1472
1954 2233
1955 229
1955 624
1955 924
1955 1371
1955 2221
1955 2233
1956 450
1956 578
1956 1023
1956 2233
1956 2237
1957 929
1957 1042
1957 1935
1957 2363
1957 2378
1957 2389
1958 2586
1959 797
1959 2334
1960 1096
1960 2553
1960 2649
1961 303
1962 204
1962 879
1962 1603
1962 1917
1963 346
1963 547
1963 677
1963 770
1963 806
1963 1000
1963 1011
1963 2590
1964 273
1964 1209
1964 2591
1965 273
1965 747
1965 910
1965 2229
1965 2264
1965 2591
1966 24
1966 1628
1966 1736
1966 1821
1967 24
1967 307
1967 1306
1967 1369
1967 1824
1967 1942
1967 1986
1968 1106
1968 1689
1969 424
1969 556
1969 1812
1969 1817
1970 1122
1970 1424
1970 1549
1971 161
1971 290
1971 913
1971 1087
1971 2288
1971 2324
1972 1700
1972 1943
1973 1237
1973 1869
1973 1974
1973 1975
1973 1976
1974 1973
1975 1204
1975 1973
1975 1976
1976 1528
1976 1681
1976 1808
1976 1825
1976 1869
1976 1973
1976 1975
1976 1977
1977 1680
1977 1976
1978 169
1978 243
1978 1216
1978 1601
1978 2218
1979 168
1979 897
1980 1545
1980 1981
1981 1980
1982 137
1982 344
1982 1654
1982 1983
1982 2211
1983 137
1983 194
1983 684
1983 1654
1983 1982
1983 2211
1983 2404
1983 2459
1984 101
1984 105
1984 945
1984 1081
1985 482
1985 556
1985 1096
1985 1182
1985 1223
1985 1919
1985 1934
1986 22
1986 307
1986 699
1986 730
1986 905
1986 1082
1986 1158
1986 1182
1986 1232
1986 1401
1986 1514
1986 1755
1986 1967
1986 2007
1986 2008
1986 2441
1986 2541
1986 2583
1986 2610
1987 22
1987 1232
1987 1401
1988 1175
1988 2241
1988 2478
1988 2511
1989 2287
1990 428
1990 2287
1991 1250
1991 1280
1991 1389
1991 1405
1992 84
1992 533
1992 994
1992 1423
1993 257
1993 302
1993 552
1993 1080
1993 1139
1993 1232
1993 1450
1993 1786
1993 1994
1993 2289
1994 129
1994 1232
1994 1993
1995 1080
1995 1664
1995 2037
1995 2113
1995 2533
1996 1737
1997 1237
1997 1751
1997 1808
1998 389
1998 920
1999 1045
1999 2467
2000 1222
2000 1310
2000 2002
2000 2003
2001 1222
2001 1226
2001 1310
2001 2002
2002 1222
2002 1226
2002 1310
2002 1417
2002 2000
2002 2001
2002 2003
2002 2004
2003 1222
2003 1310
2003 1417
2003 2000
2003 2002
2004 1226
2004 1310
2004 2002
2005 44
2005 701
2005 791
2005 1659
2005 1705
2005 2321
2006 791
2006 813
2006 1497
2007 628
2007 1986
2007 2458
2008 899
2008 1031
2008 1986
2009 91
2009 2619
2009 2620
2010 627
2010 1308
2011 87
2011 627
2012 87
2012 460
2012 1308
2012 1604
2012 2126
2012 2386
2012 2452
2013 56
2013 126
2013 259
2013 298
2013 520
2013 700
2013 1189
2013 1620
2013 1653
2013 1729
2013 2014
2013 2360
2013 2436
2013 2456
2014 46
2014 471
2014 613
2014 2013
2014 2190
2014 2436
2015 810
2016 1287
2017 18
2017 1060
2017 1566
2018 258
2018 490
2018 522
2018 671
2018 981
2018 1201
2018 1353
2019 300
2019 964
2019 2092
2020 713
2020 2311
2020 2459
2021 271
2021 694
2021 1006
2021 1372
2021 2091
2022 62
2022 1106
2022 2489
2023 62
2023 731
2024 461
2024 1320
2024 2617
2025 778
2025 1188
2025 2026
2026 2025
2027 335
2027 988
2028 988
2028 2511
2029 988
2029 1379
2029 1380
2029 2649
2030 359
2030 1258
2030 1402
2030 2132
2031 994
2031 1216
2032 1123
2033 514
2033 1142
2034 900
2034 1665
2034 1854
2034 2518
2035 420
2035 1923
2035 2300
2036 503
2037 188
2037 450
2037 1995
2038 2491
2038 2643
2039 1488
2040 124
2041 205
2041 1307
2041 1601
2041 2665
2042 2511
2043 502
2043 2044
2043 2511
2044 502
2044 1012
2044 1103
2044 1637
2044 1745
2044 2043
2044 2511
2045 355
2045 767
2045 1112
2045 1167
2045 1532
2045 2274
2046 678
2046 2047
2046 2230
2047 77
2047 678
2047 698
2047 1543
2047 2046
2048 815
2049 293
2049 308
2049 636
2049 1352
2049 1571
2049 1830
2049 2492
2050 101
2050 2051
2051 101
2051 207
2051 2050
2052 510
2052 775
2052 787
2053 457
2053 2054
2053 2417
2054 125
2054 392
2054 457
2054 717
2054 783
2054 1020
2054 1092
2054 1420
2054 1538
2054 2053
2055 392
2055 1116
2055 2368
2056 1842
2056 2084
2057 859
2057 867
2057 982
2057 1842
2057 2084
2058 111
2058 471
2059 2652
2060 71
2060 961
2061 2062
2061 2348
2062 66
2062 2061
2063 276
2063 546
2064 2065
2065 2064
2066 315
2066 782
2066 1380
2067 2659
2068 699
2068 1215
2068 1219
2068 1667
2068 1932
2068 2310
2069 484
2070 1272
2070 1871
2071 146
2071 1684
2071 1759
2071 1803
2071 2661
2072 1110
2073 1298
2074 1413
2074 2243
2075 2076
2076 2075
2077 1648
2078 152
2078 724
2078 975
2078 1153
2078 1605
2079 724
2079 1153
2080 1262
2080 1263
2080 2081
2081 1263
2081 2080
2082 42
2082 387
2082 936
2082 1518
2082 2158
2083 439
2083 517
2083 1095
2084 7
2084 211
2084 574
2084 601
2084 867
2084 1038
2084 1850
2084 2056
2084 2057
2084 2533
2084 2651
2085 1333
2085 1871
2086 1206
2086 1233
2086 1243
2087 1206
2087 1233
2087 1243
2087 1244
2088 192
2088 2346
2089 1235
2090 709
2091 76
2091 165
2091 199
2091 271
2091 1006
2091 1372
2091 1398
2091 1503
2091 1761
2091 2021
2091 2320
2091 2531
2092 388
2092 1403
2092 1575
2092 1851
2092 2019
2093 64
2094 50
2094 267
2094 281
2094 1271
2094 1445
2094 2289
2095 284
2095 1282
2096 244
2096 593
2096 1063
2096 1149
2096 1176
2096 1630
2096 2702
2097 1926
2098 1650
2099 809
2099 2317
2100 1262
2100 1594
2101 1348
2101 2102
2102 1340
2102 1348
2102 2101
2103 753
2103 1695
2103 1791
2103 1875
2103 2250
2103 2529
2104 1227
2105 390
2105 2230
2106 1349
2106 1785
2106 2335
2107 1615
2107 1758
2108 437
2108 536
2108 1465
2108 1610
2108 2450
2109 1514
2110 1358
2111 329
2111 941
2111 2267
2112 2551
2113 1995
2114 143
2114 346
2114 460
2114 1694
2115 821
2116 185
2116 936
2116 1518
2117 1255
2117 2616
2118 1411
2118 1418
2119 1555
2120 697
2120 832
2120 846
2120 1625
2120 2121
2121 128
2121 2120
2122 1240
2122 1302
2123 404
2123 613
2123 777
2123 2295
2123 2436
2124 512
2124 985
2125 1507
2126 35
2126 1304
2126 2012
2127 1192
2128 299
2128 746
2128 1114
2128 1193
2129 2313
2130 1064
2130 1492
2130 1556
2130 1838
2130 2642
2131 206
2132 2030
2133 2679
2134 1313
2134 1587
2135 1551
2135 2136
2135 2137
2136 1551
2136 2135
2137 1551
2137 2135
2138 1346
2138 1385
2138 1541
2139 115
2140 128
2141 1576
2142 623
2142 1207
2143 109
2143 1268
2143 2386
2143 2490
2144 2227
2144 2285
2145 340
2145 476
2145 488
2146 1297
2147 2365
2148 1699
2149 143
2150 216
2150 1283
2151 103
2151 261
2151 1535
2151 1702
2151 1840
2151 2658
2152 771
2153 1504
2154 2155
2155 2154
2156 1233
2156 1244
2156 1246
2157 2396
2158 1177
2158 1195
2158 2082
2158 2297
2158 2338
2159 2160
2160 2159
2161 841
2162 1251
2163 1212
2163 2206
2164 2165
2165 2164
2166 1455
2167 1220
2168 1781
2169 2170
2169 2171
2170 2169
2171 2169
2171 2200
2172 1375
2173 1536
2174 1033
2174 2377
2175 1335
2175 1339
2175 1849
2175 2213
2176 1238
2177 1135
2178 208
2178 439
2178 2179
2179 2178
2180 352
2181 1558
2182 1818
2183 1197
2183 1677
2184 1197
2184 1572
2184 1677
2185 1722
2186 2187
2187 2186
2188 1422
2189 887
2189 1046
2189 2360
2190 2
2190 56
2190 259
2190 520
2190 531
2190 854
2190 1015
2190 1467
2190 1641
2190 1822
2190 2014
2190 2191
2190 2192
2190 2436
2191 2190
2191 2295
2191 2436
2192 531
2192 854
2192 2190
2193 1275
2193 1723
2194 353
2194 1679
2195 1776
2195 1813
2196 1776
2196 2197
2197 1776
2197 1813
2197 2196
2198 1425
2199 1673
2200 2171
2201 1367
2201 2202
2202 1367
2202 2201
2203 1568
2204 998
2204 1784
2205 446
2206 1212
2206 2163
2207 1268
2207 2490
2208 1670
2209 1435
2210 1312
2211 194
2211 344
2211 1654
2211 1982
2211 1983
2212 1343
2212 1589
2212 1713
2212 2497
2213 572
2213 636
2213 1805
2213 2175
2214 193
2214 639
2214 1023
2214 1778
2214 2527
2215 1123
2215 2445
2215 2570
2215 2636
2216 395
2217 975
2217 2700
2218 103
2218 205
2218 243
2218 792
2218 1713
2218 1978
2219 103
2220 943
2220 1668
2220 2369
2221 229
2221 529
2221 549
2221 764
2221 1058
2221 1118
2221 1752
2221 1955
2222 415
2222 509
2222 1110
2223 1021
2223 1939
2224 163
2224 296
2224 319
2224 415
2224 668
2224 712
2224 1483
2224 1600
2224 1932
2224 2263
2224 2349
2224 2566
2225 103
2225 2409
2226 182
2226 1714
2226 2453
2227 596
2227 2144
2228 269
2228 416
2228 551
2228 569
2228 1605
2228 1607
2228 1706
2228 1761
2228 1789
2228 2416
2229 25
2229 273
2229 910
2229 1965
2229 2264
2229 2591
2230 77
2230 390
2230 678
2230 977
2230 988
2230 1272
2230 1543
2230 1810
2230 2046
2230 2105
2230 2314
2231 122
2231 2497
2232 134
2232 603
2232 639
2232 967
2232 1004
2232 2525
2233 164
2233 174
2233 356
2233 417
2233 466
2233 557
2233 570
2233 727
2233 760
2233 922
2233 1004
2233 1032
2233 1088
2233 1090
2233 1165
2233 1245
2233 1265
2233 1321
2233 1377
2233 1858
2233 1861
2233 1925
2233 1953
2233 1954
2233 1955
2233 1956
2233 2253
2233 2317
2233 2501
2233 2524
2233 2526
2233 2528
2234 16
2234 213
2234 2317
2235 1505
2235 2606
2236 306
2236 744
2236 841
2236 1531
2236 2271
2237 1248
2237 1956
2237 2600
2238 786
2238 1424
2238 2512
2239 103
2239 266
2240 691
2240 1771
2240 2350
2241 683
2241 1147
2241 1175
2241 1988
2241 2511
2242 103
2242 283
2242 510
2242 577
2243 633
2243 1205
2243 1314
2243 1413
2243 1424
2243 2074
2243 2512
2244 1768
2244 2512
2245 589
2245 767
2245 1862
2245 2305
2245 2425
2246 1024
2247 433
2248 284
2248 528
2248 979
2248 1101
2248 1282
2249 550
2249 812
2249 923
2249 1098
2249 1299
2249 1768
2249 1901
2250 1461
2250 1560
2250 1915
2250 2103
2251 1508
2251 1895
2251 2291
2251 2538
2252 256
2252 860
2253 103
2253 1835
2253 2233
2254 510
2254 787
2254 915
2254 1327
2254 2523
2255 2511
2256 755
2257 242
2257 1004
2258 482
2258 1182
2258 2321
2259 640
2259 834
2259 1004
2259 1172
2259 2417
2260 403
2260 834
2260 2599
2261 356
2261 403
2261 640
2261 1004
2261 1172
2262 513
2262 1036
2263 296
2263 428
2263 1259
2263 1392
2263 2224
2264 1752
2264 1965
2264 2229
2265 923
2265 1768
2265 1902
2266 1068
2266 1366
2266 1401
2266 2275
2267 876
2267 1633
2267 1687
2267 2111
2268 1867
2268 2466
2269 633
2269 1474
2269 1788
2269 2307
2270 772
2270 1252
2271 597
2271 744
2271 841
2271 1531
2271 1892
2271 2236
2272 796
2272 988
2272 1318
2272 2513
2273 513
2273 2501
2274 355
2274 669
2274 767
2274 1167
2274 2045
2275 122
2275 628
2275 1401
2275 1470
2275 2266
2275 2542
2276 1115
2276 1359
2276 2501
2276 2509
2277 345
2277 1874
2277 2500
2278 48
2278 263
2278 1004
2278 1882
2278 1939
2279 619
2279 2283
2280 55
2280 112
2280 117
2280 273
2280 276
2280 434
2280 546
2280 664
2280 1034
2280 1160
2280 1187
2280 1228
2280 1516
2280 1741
2280 1802
2280 2576
2281 46
2282 212
2282 709
2283 102
2283 538
2283 713
2283 892
2283 947
2283 1368
2283 1392
2283 1588
2283 1918
2283 1919
2283 1920
2283 2279
2283 2293
2283 2356
2283 2368
2283 2484
2283 2564
2283 2565
2284 943
2284 1371
2284 1466
2284 1668
2284 2369
2284 2607
2285 643
2285 790
2285 965
2285 2144
2286 513
2286 557
2286 1004
2286 2437
2287 178
2287 336
2287 428
2287 760
2287 987
2287 1371
2287 1560
2287 1989
2287 1990
2287 2312
2287 2609
2288 290
2288 1087
2288 1971
2289 302
2289 1232
2289 1249
2289 1401
2289 1445
2289 1786
2289 1942
2289 1993
2289 2094
2289 2644
2290 83
2290 734
2290 742
2290 1663
2290 1777
2290 1909
2291 858
2291 1376
2291 1410
2291 1508
2291 1868
2291 1937
2291 2251
2291 2419
2292 633
2292 1004
2292 1185
2292 1621
2292 2532
2293 1241
2293 2283
2293 2356
2293 2654
2294 759
2295 2
2295 823
2295 1180
2295 1553
2295 2123
2295 2191
2295 2436
2296 1352
2296 1652
2296 2521
2297 2158
2298 874
2298 1915
2298 2652
2299 58
2299 939
2299 1062
2299 1169
2300 2035
2301 713
2301 1062
2301 1162
2302 1862
2302 2305
2303 547
2303 915
2304 336
2304 532
2304 594
2304 847
2304 863
2305 1744
2305 1862
2305 2245
2305 2302
2306 1291
2306 2650
2307 559
2307 989
2307 1030
2307 1474
2307 1618
2307 1788
2307 2269
2307 2568
2308 513
2308 1861
2309 194
2310 1713
2310 2068
2310 2572
2311 2020
2312 513
2312 987
2312 1004
2312 2287
2312 2500
2312 2529
2313 34
2313 142
2313 1372
2313 2129
2314 62
2314 358
2314 816
2314 2230
2314 2427
2315 1182
2315 1613
2315 1731
2316 2652
2317 213
2317 297
2317 1181
2317 2099
2317 2233
2317 2234
2317 2631
2318 1160
2318 1939
2319 1132
2319 1544
2320 76
2320 142
2320 165
2320 1372
2320 1398
2320 2091
2321 2005
2321 2258
2322 226
2323 640
2323 1004
2323 2585
2324 1971
2325 173
2325 186
2325 605
2325 1328
2325 2591
2326 187
2326 855
2326 1307
2326 1915
2327 1113
2327 1371
2327 1560
2327 2572
2328 2464
2329 421
2329 622
2329 633
2329 1162
2330 1408
2331 78
2331 1054
2331 1232
2331 1481
2331 1875
2332 496
2332 2670
2333 603
2333 857
2333 868
2333 933
2333 1359
2333 1683
2333 1925
2333 2509
2333 2510
2334 61
2334 398
2334 498
2334 716
2334 1072
2334 1486
2334 1501
2334 1959
2334 2581
2335 1912
2335 2106
2335 2354
2336 679
2336 1252
2336 2461
2337 899
2338 1195
2338 2158
2339 714
2339 1123
2339 2652
2340 115
2340 227
2341 365
2341 946
2341 980
2341 1339
2341 1849
2342 432
2342 804
2342 1737
2343 482
2343 559
2343 633
2343 1022
2343 1474
2343 2432
2344 62
2344 63
2344 994
2345 592
2345 1027
2345 1470
2345 2610
2345 2611
2346 247
2346 455
2346 915
2346 1567
2346 1719
2346 2088
2347 103
2347 1493
2347 1797
2347 1799
2348 1283
2348 2061
2349 53
2349 1325
2349 2224
2350 359
2350 1266
2350 1771
2350 1862
2350 2240
2351 258
2351 1895
2351 2550
2351 2687
2352 582
2352 1862
2352 2504
2353 147
2353 965
2353 1526
2353 2357
2354 1912
2354 2335
2354 2477
2354 2670
2355 278
2355 462
2355 817
2355 1178
2356 135
2356 202
2356 1241
2356 2283
2356 2293
2356 2564
2356 2654
2357 1526
2357 2353
2358 2536
2359 58
2359 797
2359 1178
2360 1717
2360 2013
2360 2189
2361 553
2361 987
2361 1229
2361 1930
2362 103
2362 882
2362 1630
2363 235
2363 318
2363 1584
2363 1639
2363 1957
2364 664
2364 988
2365 103
2365 643
2365 768
2365 1505
2365 2147
2365 2605
2366 1062
2366 1560
2367 301
2367 1639
2368 319
2368 538
2368 1175
2368 1588
2368 1934
2368 2055
2368 2283
2369 818
2369 943
2369 1668
2369 2220
2369 2284
2370 1379
2371 1689
2371 2554
2372 46
2373 1708
2373 2447
2374 133
2374 201
2374 1200
2375 103
2375 1170
2376 1404
2376 1524
2376 2394
2377 266
2377 387
2377 702
2377 1296
2377 2174
2378 743
2378 1672
2378 1957
2379 203
2379 871
2380 546
2381 150
2381 465
2381 1436
2382 58
2382 249
2382 1736
2383 103
2383 179
2383 264
2383 802
2383 1038
2383 1850
2383 1950
2383 2415
2384 1489
2384 1854
2384 2701
2385 432
2385 1459
2385 1737
2385 2518
2385 2663
2386 35
2386 82
2386 2012
2386 2143
2387 103
2387 1571
2388 1740
2388 1862
2389 1004
2389 1957
2390 977
2390 1184
2391 2634
2392 633
2392 2512
2392 2681
2393 203
2393 679
2393 1491
2394 103
2394 246
2394 964
2394 2376
2395 1202
2395 2634
2396 456
2396 547
2396 2157
2396 2472
2397 70
2397 540
2397 958
2397 2406
2397 2472
2397 2558
2398 70
2398 1529
2399 2422
2400 988
2400 1557
2400 1862
2400 2420
2401 1498
2401 1566
2401 1578
2402 576
2403 430
2404 137
2404 1654
2404 1983
2405 6
2405 186
2405 339
2405 1356
2405 2502
2406 70
2406 2397
2406 2498
2407 1424
2407 2512
2408 39
2408 161
2408 230
2408 913
2408 1138
2409 103
2409 361
2409 583
2409 596
2409 618
2409 656
2409 946
2409 1085
2409 1475
2409 1493
2409 1571
2409 1735
2409 1834
2409 1844
2409 1888
2409 1889
2409 2225
2410 160
2410 170
2410 543
2410 689
2410 2593
2411 336
2411 1910
2411 2628
2412 255
2412 2667
2413 1168
2414 2433
2415 103
2415 367
2415 702
2415 1155
2415 1334
2415 1473
2415 1575
2415 1832
2415 1833
2415 1843
2415 2383
2416 118
2416 569
2416 975
2416 2228
2417 125
2417 457
2417 519
2417 706
2417 1004
2417 1242
2417 1421
2417 2053
2417 2259
2418 817
2418 1360
2419 756
2419 858
2419 1410
2419 2291
2420 468
2420 988
2420 2400
2421 1004
2421 1827
2422 1056
2422 1305
2422 1307
2422 2399
2423 1057
2423 1073
2423 2470
2423 2485
2423 2673
2424 489
2424 812
2425 763
2425 2245
2426 893
2426 1614
2427 61
2427 62
2427 93
2427 265
2427 277
2427 328
2427 384
2427 438
2427 585
2427 713
2427 798
2427 954
2427 995
2427 1487
2427 1684
2427 1695
2427 1759
2427 1788
2427 1875
2427 1917
2427 2314
2427 2495
2427 2517
2427 2543
2427 2602
2427 2603
2428 1659
2429 1592
2429 1685
2430 30
2430 149
2430 689
2430 2593
2431 103
2431 1255
2432 1183
2432 1936
2432 2343
2433 103
2433 859
2433 2414
2434 1513
2435 530
2436 56
2436 259
2436 298
2436 520
2436 567
2436 613
2436 823
2436 887
2436 1180
2436 1641
2436 2013
2436 2014
2436 2123
2436 2190
2436 2191
2436 2295
2437 945
2437 1395
2437 2286
2438 464
2438 1300
2438 2487
2439 526
2439 721
2439 1319
2439 2558
2440 1478
2441 1461
2441 1986
2442 103
2442 107
2442 682
2442 1164
2443 103
2443 440
2443 1453
2444 761
2444 988
2445 133
2445 201
2445 608
2445 1424
2445 1768
2445 2215
2446 1111
2447 499
2447 1142
2447 1495
2447 1496
2447 2373
2448 42
2448 966
2448 1117
2449 1531
2449 1674
2449 1675
2450 2108
2451 2512
2452 35
2452 589
2452 751
2452 1326
2452 1944
2452 2012
2453 657
2453 988
2453 2226
2454 169
2454 1283
2454 1862
2454 2690
2455 1724
2456 471
2456 1046
2456 2013
2457 630
2457 1211
2458 699
2458 2007
2458 2543
2459 1283
2459 1308
2459 1749
2459 1983
2459 2020
2460 42
2460 103
2461 1136
2461 1578
2461 2336
2462 509
2463 312
2463 956
2463 963
2463 1027
2463 1301
2463 1470
2464 741
2464 833
2464 933
2464 2328
2464 2583
2464 2609
2465 141
2465 547
2465 1011
2465 1290
2466 1775
2466 2268
2466 2538
2466 2539
2466 2540
2467 1999
2468 1578
2468 1802
2469 261
2469 1095
2469 1515
2469 1843
2470 1057
2470 1073
2470 2423
2470 2471
2470 2488
2470 2671
2470 2673
2471 2470
2471 2488
2471 2671
2472 2396
2472 2397
2472 2558
2472 2704
2473 1143
2474 655
2475 137
2476 58
2476 571
2476 1062
2476 1179
2476 1303
2476 1511
2476 1691
2476 1736
2476 1821
2477 726
2477 1777
2477 1867
2477 1909
2477 2354
2477 2676
2478 683
2478 1147
2478 1175
2478 1988
2478 2511
2479 485
2479 1260
2479 1424
2479 2707
2480 55
2480 1136
2480 1578
2480 1589
2480 2640
2481 1748
2481 1874
2481 1931
2481 2596
2482 1679
2483 103
2483 2523
2484 60
2484 482
2484 2283
2485 25
2485 218
2485 1627
2485 2423
2486 19
2486 1122
2487 320
2487 464
2487 506
2487 537
2487 1613
2487 2438
2487 2645
2488 1116
2488 1150
2488 1534
2488 2470
2488 2471
2489 62
2489 1120
2489 1232
2489 1689
2489 2022
2489 2554
2490 109
2490 1268
2490 2143
2490 2207
2491 94
2491 171
2491 633
2491 705
2491 1492
2491 2038
2491 2642
2491 2643
2492 103
2492 2049
2493 103
2493 850
2493 1255
2493 1475
2494 979
2495 2427
2495 2603
2496 849
2496 1144
2496 1234
2497 592
2497 628
2497 951
2497 1232
2497 1713
2497 1942
2497 1947
2497 2212
2497 2231
2497 2583
2498 740
2498 1768
2498 2406
2499 548
2500 345
2500 366
2500 753
2500 959
2500 987
2500 1375
2500 1874
2500 2277
2500 2312
2501 371
2501 562
2501 911
2501 925
2501 1421
2501 1525
2501 1752
2501 1827
2501 1855
2501 1856
2501 1858
2501 2233
2501 2273
2501 2276
2501 2526
2501 2527
2501 2528
2502 2405
2503 1189
2504 477
2504 638
2504 1686
2504 2352
2505 382
2505 1392
2505 1466
2505 2543
2505 2563
2506 189
2506 203
2506 412
2506 1939
2507 1004
2507 1007
2507 1859
2508 58
2508 1062
2508 1598
2508 1820
2509 857
2509 868
2509 933
2509 1359
2509 1377
2509 2276
2509 2333
2509 2637
2509 2638
2510 793
2510 857
2510 868
2510 899
2510 933
2510 988
2510 1359
2510 2333
2510 2609
2510 2638
2511 373
2511 381
2511 502
2511 683
2511 718
2511 835
2511 1139
2511 1147
2511 1175
2511 1415
2511 1988
2511 2028
2511 2042
2511 2043
2511 2044
2511 2241
2511 2255
2511 2478
2511 2644
2512 11
2512 13
2512 37
2512 138
2512 324
2512 341
2512 376
2512 383
2512 410
2512 437
2512 452
2512 466
2512 476
2512 548
2512 581
2512 588
2512 615
2512 673
2512 677
2512 693
2512 697
2512 720
2512 770
2512 799
2512 840
2512 842
2512 866
2512 885
2512 894
2512 916
2512 949
2512 1002
2512 1042
2512 1083
2512 1090
2512 1159
2512 1198
2512 1205
2512 1257
2512 1276
2512 1291
2512 1292
2512 1321
2512 1362
2512 1444
2512 1456
2512 1482
2512 1489
2512 1519
2512 1522
2512 1593
2512 1728
2512 1734
2512 1860
2512 1864
2512 1876
2512 1877
2512 1878
2512 1879
2512 1880
2512 1881
2512 1882
2512 1883
2512 1884
2512 2238
2512 2243
2512 2244
2512 2392
2512 2407
2512 2451
2512 2544
2512 2545
2512 2546
2512 2547
2513 633
2513 836
2513 2272
2513 2553
2514 103
2514 525
2514 949
2514 1083
2514 1521
2514 2635
2515 103
2515 261
2515 1095
2516 103
2516 1095
2516 1639
2516 1644
2517 103
2517 478
2517 482
2517 1475
2517 2427
2518 103
2518 754
2518 900
2518 1711
2518 1737
2518 1854
2518 2034
2518 2385
2519 103
2519 349
2519 1070
2519 1218
2519 1630
2519 1889
2520 103
2520 1001
2521 103
2521 699
2521 1412
2521 2296
2522 103
2522 400
2522 843
2522 1256
2522 1841
2523 74
2523 103
2523 379
2523 504
2523 542
2523 596
2523 762
2523 785
2523 921
2523 986
2523 1108
2523 1394
2523 1502
2523 1780
2523 1846
2523 2254
2523 2483
2524 302
2524 513
2524 1354
2524 2233
2525 513
2525 640
2525 967
2525 1004
2525 2232
2526 513
2526 1004
2526 1395
2526 2233
2526 2501
2526 2637
2527 26
2527 2214
2527 2501
2528 356
2528 1004
2528 1862
2528 2233
2528 2501
2528 2599
2529 2103
2529 2312
2530 1494
2531 715
2531 778
2531 1188
2531 1494
2531 1503
2531 2091
2532 48
2532 1019
2532 2292
2533 48
2533 454
2533 1752
2533 1995
2533 2084
2534 928
2534 1557
2534 1862
2535 359
2535 1862
2536 1862
2536 2358
2537 1005
2537 1424
2537 1862
2538 239
2538 912
2538 1376
2538 1436
2538 1867
2538 2251
2538 2466
2538 2539
2539 1775
2539 2466
2539 2538
2539 2540
2540 912
2540 1293
2540 2466
2540 2539
2541 592
2541 877
2541 1232
2541 1986
2542 122
2542 1027
2542 1062
2542 1470
2542 2275
2543 49
2543 316
2543 1062
2543 1325
2543 2427
2543 2458
2543 2505
2544 894
2544 2512
2545 13
2545 1424
2545 1519
2545 2512
2546 338
2546 1030
2546 1274
2546 1276
2546 1363
2546 1379
2546 1608
2546 1862
2546 2512
2546 2634
2547 467
2547 2512
2548 306
2548 1178
2548 1477
2548 1659
2549 303
2549 482
2549 1096
2549 1178
2549 1397
2550 172
2550 250
2550 1891
2550 2351
2551 425
2551 1349
2551 1436
2551 1895
2551 2112
2552 716
2552 865
2552 1668
2552 2676
2553 75
2553 369
2553 564
2553 584
2553 788
2553 1668
2553 1798
2553 1960
2553 2513
2553 2653
2554 58
2554 2371
2554 2489
2555 58
2555 68
2555 983
2555 1161
2555 1221
2555 2703
2556 1713
2556 1898
2557 1319
2557 1863
2557 2558
2558 65
2558 280
2558 540
2558 581
2558 652
2558 720
2558 721
2558 873
2558 1319
2558 1527
2558 1907
2558 2397
2558 2439
2558 2472
2558 2557
2559 336
2559 418
2559 446
2559 545
2559 692
2559 1910
2560 651
2560 744
2561 9
2561 397
2561 725
2561 758
2561 977
2562 291
2562 2619
2562 2620
2563 959
2563 1689
2563 2505
2564 202
2564 1919
2564 2283
2564 2356
2564 2654
2565 1247
2565 2283
2566 53
2566 60
2566 1939
2566 2224
2567 614
2567 633
2568 559
2568 633
2568 1474
2568 2307
2568 2572
2569 482
2569 553
2569 987
2569 1930
2570 482
2570 988
2570 2215
2571 898
2571 1560
2572 168
2572 228
2572 277
2572 610
2572 1097
2572 1745
2572 1788
2572 1935
2572 1936
2572 2310
2572 2327
2572 2568
2573 447
2573 527
2574 1683
2575 18
2575 988
2575 1939
2576 679
2576 1491
2576 1939
2576 2280
2577 565
2577 725
2577 861
2577 1186
2577 1463
2577 1576
2578 469
2578 1458
2579 642
2579 686
2579 1946
2580 188
2580 248
2580 935
2581 248
2581 1072
2581 2334
2582 331
2582 478
2582 861
2582 1133
2582 1466
2582 1478
2582 1791
2582 1930
2583 1986
2583 2464
2583 2497
2584 967
2584 1827
2585 640
2585 1004
2585 1028
2585 2323
2586 766
2586 1400
2586 1562
2586 1958
2587 644
2587 1125
2588 1461
2589 432
2589 1459
2589 1461
2589 1599
2589 1737
2589 2663
2590 547
2590 1290
2590 1963
2591 351
2591 685
2591 686
2591 783
2591 1187
2591 1328
2591 1964
2591 1965
2591 2229
2591 2325
2592 170
2592 236
2592 543
2592 579
2592 689
2592 2593
2592 2594
2593 170
2593 543
2593 579
2593 689
2593 872
2593 2410
2593 2430
2593 2592
2594 46
2594 515
2594 689
2594 2592
2595 160
2595 689
2596 814
2596 1817
2596 2481
2597 133
2597 799
2597 1205
2597 2598
2598 130
2598 799
2598 1205
2598 2597
2599 1007
2599 1855
2599 2260
2599 2528
2600 450
2600 578
2600 1023
2600 1091
2600 1248
2600 2237
2601 913
2602 2427
2602 2649
2603 438
2603 995
2603 2427
2603 2495
2604 987
2604 1307
2604 1686
2605 283
2605 577
2605 802
2605 1065
2605 1505
2605 1950
2605 2365
2605 2606
2606 325
2606 978
2606 1770
2606 2235
2606 2605
2607 2284
2608 713
2608 1619
2608 1747
2608 1764
2609 1161
2609 1221
2609 1510
2609 2287
2609 2464
2609 2510
2610 819
2610 956
2610 1589
2610 1986
2610 2345
2611 963
2611 1027
2611 1470
2611 2345
2612 545
2612 692
2612 1640
2613 219
2613 891
2613 2615
2614 3
2614 891
2614 1836
2614 2615
2615 3
2615 220
2615 1364
2615 1460
2615 1836
2615 2613
2615 2614
2616 440
2616 941
2616 1001
2616 1630
2616 2117
2617 359
2617 815
2617 1544
2617 2024
2618 817
2618 1009
2618 1447
2619 918
2619 1254
2619 2009
2619 2562
2620 52
2620 118
2620 291
2620 351
2620 501
2620 641
2620 970
2620 1203
2620 1254
2620 2009
2620 2562
2621 1058
2622 1838
2623 153
2624 224
2624 1136
2624 1715
2624 2641
2625 824
2625 1578
2626 1609
2627 336
2628 336
2628 1910
2628 2411
2629 586
2629 1470
2629 1947
2630 713
2630 848
2630 1305
2630 1307
2630 1506
2631 213
2631 297
2631 2317
2632 562
2633 31
2633 154
2633 316
2633 681
2633 801
2633 1318
2634 163
2634 657
2634 666
2634 1658
2634 1705
2634 2391
2634 2395
2634 2546
2635 1521
2635 2514
2636 1151
2636 1899
2636 2215
2637 2509
2637 2526
2638 2509
2638 2510
2639 1827
2640 55
2640 1617
2640 2480
2641 2624
2642 2130
2642 2491
2643 705
2643 1507
2643 2038
2643 2491
2644 302
2644 2289
2644 2511
2645 506
2645 537
2645 2487
2646 742
2646 1777
2647 522
2647 1201
2647 1341
2647 1707
2648 71
2648 273
2648 1021
2649 369
2649 584
2649 670
2649 788
2649 1960
2649 2029
2649 2602
2650 58
2650 248
2650 249
2650 865
2650 1468
2650 2306
2651 1033
2651 1842
2651 2084
2652 204
2652 426
2652 482
2652 564
2652 701
2652 714
2652 874
2652 1382
2652 1581
2652 1603
2652 1705
2652 1716
2652 2059
2652 2298
2652 2316
2652 2339
2653 2553
2654 148
2654 202
2654 1241
2654 1919
2654 2293
2654 2356
2654 2564
2655 175
2655 279
2655 1675
2656 1029
2656 1044
2657 261
2657 505
2657 2658
2658 1535
2658 2151
2658 2657
2659 750
2659 2067
2660 837
2661 2071
2662 42
2662 1177
2663 432
2663 618
2663 654
2663 754
2663 804
2663 828
2663 1350
2663 1459
2663 1599
2663 1711
2663 2385
2663 2589
2664 178
2664 222
2664 784
2664 811
2665 1899
2665 2041
2666 579
2667 255
2667 263
2667 407
2667 2412
2668 392
2668 864
2668 1092
2669 550
2669 812
2669 1905
2670 119
2670 2332
2670 2354
2671 1092
2671 2470
2671 2471
2672 936
2672 1518
2673 1057
2673 2423
2673 2470
2674 219
2675 1388
2675 1398
2676 716
2676 1468
2676 1475
2676 2477
2676 2552
2677 192
2677 853
2678 206
2678 598
2678 606
2679 323
2679 422
2679 2133
2680 1592
2680 1602
2681 2392
2682 227
2683 122
2683 917
2683 1025
2684 768
2684 1828
2685 502
2685 1637
2685 1745
2686 529
2686 1181
2687 258
2687 2351
2688 996
2689 255
2690 2454
2691 703
2691 1819
2691 1893
2692 23
2692 790
2693 589
2694 385
2694 1328
2695 1261
2696 1897
2697 532
2698 433
2699 1887
2700 416
2700 641
2700 1724
2700 2217
2701 2384
2702 1149
2702 1164
2702 2096
2703 1517
2703 2555
2704 540
2704 2472
2705 120
2705 587
2705 648
2705 660
2705 1199
2706 887
2706 1129
2707 485
2707 1260
2707 1264
2707 2479
