183 557
0 48
0 52
0 146
1 22
1 58
2 38
3 12
3 48
4 48
5 31
5 74
5 147
6 50
6 61
6 75
6 132
6 168
7 177
7 182
8 175
9 31
9 74
9 94
9 152
9 166
10 48
10 58
11 48
12 3
12 60
12 68
12 97
13 48
14 56
14 61
14 85
14 153
15 41
15 48
16 39
16 48
16 125
17 48
17 172
18 156
18 173
19 48
19 138
20 48
21 48
21 156
22 1
22 35
22 48
22 112
22 126
22 127
22 130
22 144
23 48
23 62
23 84
24 48
25 72
26 49
26 58
26 161
27 30
27 48
28 29
28 33
28 48
28 75
28 103
28 134
29 28
29 48
30 27
30 80
30 104
30 113
30 150
30 173
31 5
31 9
31 64
31 74
31 101
31 122
31 128
31 174
32 48
32 154
33 28
33 48
33 141
33 159
34 41
35 22
36 48
36 58
36 106
36 135
37 48
38 2
38 48
38 113
38 181
39 16
40 48
41 15
41 34
41 48
41 79
41 84
42 48
42 107
42 118
43 49
44 45
44 56
44 64
44 85
44 94
44 128
44 129
44 153
44 166
45 44
45 48
45 74
45 159
46 48
47 48
48 0
48 3
48 4
48 10
48 11
48 13
48 15
48 16
48 17
48 19
48 20
48 21
48 22
48 23
48 24
48 27
48 28
48 29
48 32
48 33
48 36
48 37
48 38
48 40
48 41
48 42
48 45
48 46
48 47
48 52
48 53
48 54
48 56
48 57
48 58
48 59
48 64
48 65
48 66
48 67
48 68
48 69
48 70
48 73
48 76
48 77
48 78
48 82
48 83
48 85
48 86
48 87
48 89
48 91
48 93
48 94
48 96
48 102
48 105
48 106
48 107
48 109
48 110
48 112
48 116
48 117
48 120
48 123
48 130
48 131
48 132
48 136
48 140
48 143
48 145
48 146
48 148
48 149
48 151
48 152
48 155
48 157
48 158
48 160
48 162
48 163
48 171
48 172
48 174
48 175
48 176
48 177
48 180
48 181
49 26
49 43
49 58
49 161
50 6
50 168
51 126
52 0
52 48
52 146
53 48
53 72
53 115
53 181
54 48
54 88
54 108
55 72
56 14
56 44
56 48
56 60
57 48
58 1
58 10
58 26
58 36
58 48
58 49
58 123
58 133
58 161
58 181
59 48
59 63
59 88
59 142
59 150
60 12
60 56
60 124
60 156
60 174
61 6
61 14
61 132
61 168
62 23
63 59
64 31
64 44
64 48
64 74
64 167
65 48
66 48
66 74
67 48
68 12
68 48
68 135
69 48
70 48
71 120
72 25
72 53
72 55
72 95
72 181
73 48
73 99
73 179
73 181
74 5
74 9
74 31
74 45
74 64
74 66
74 101
74 114
74 122
74 128
74 174
75 6
75 28
75 103
75 111
75 127
75 132
75 134
75 168
76 48
77 48
77 155
78 48
79 41
79 79
80 30
80 88
80 150
80 164
81 150
81 159
82 48
83 48
84 23
84 41
85 14
85 44
85 48
85 165
86 48
86 92
87 48
88 54
88 59
88 80
88 104
88 150
88 155
88 174
89 48
89 146
90 133
90 161
91 48
91 119
92 86
93 48
94 9
94 44
94 48
95 72
96 48
96 96
97 12
98 177
99 73
99 113
99 170
100 141
101 31
101 74
101 101
102 48
103 28
103 75
104 30
104 88
104 150
104 164
105 48
106 36
106 48
106 135
107 42
107 48
107 118
108 54
109 48
110 48
111 75
112 22
112 48
112 127
113 30
113 38
113 99
114 74
115 53
115 181
116 48
117 48
118 42
118 107
119 91
119 166
120 48
120 71
121 159
122 31
122 74
122 147
122 167
123 48
123 58
124 60
125 16
126 22
126 51
127 22
127 75
127 112
127 144
127 159
128 31
128 44
128 74
129 44
129 178
130 22
130 48
131 48
132 6
132 48
132 61
132 75
132 134
132 168
133 58
133 90
134 28
134 75
134 132
134 144
134 168
135 36
135 68
135 106
136 48
137 170
138 19
139 154
140 48
141 33
141 100
142 59
143 48
144 22
144 127
144 134
145 48
146 0
146 48
146 52
146 89
146 169
147 5
147 122
148 48
149 48
150 30
150 59
150 80
150 81
150 88
150 104
150 152
150 164
151 48
152 9
152 48
152 150
153 14
153 44
154 32
154 139
155 48
155 77
155 88
155 164
156 18
156 21
156 60
156 164
157 48
158 48
159 33
159 45
159 81
159 121
159 127
160 48
161 26
161 49
161 58
161 90
162 48
163 48
164 80
164 104
164 150
164 155
164 156
165 85
166 9
166 44
166 119
167 64
167 122
168 6
168 50
168 61
168 75
168 132
168 134
169 146
170 99
170 137
171 48
172 17
172 48
172 177
173 18
173 30
174 31
174 48
174 60
174 74
174 88
175 8
175 48
176 48
177 7
177 48
177 98
177 172
178 129
179 73
180 48
181 38
181 48
181 53
181 58
181 72
181 73
181 115
182 7
